8.41 1
8.43 2
8.43 3
8.44 4
8.44 5
8.44 6
8.45 7
8.45 8
8.45 9
8.45 10
8.45 11
8.45 12
8.46 13
8.46 14
8.47 15
8.47 16
8.47 17
8.47 18
8.47 19
8.47 20
8.47 21
8.48 22
8.48 23
8.48 24
8.48 25
8.48 26
8.48 27
8.48 28
8.48 29
8.48 30
8.48 31
8.49 32
8.49 33
8.49 34
8.49 35
8.49 36
8.49 37
8.49 38
8.49 39
8.49 40
8.49 41
8.49 42
8.49 43
8.49 44
8.49 45
8.49 46
8.49 47
8.50 48
8.50 49
8.50 50
8.50 51
8.50 52
8.50 53
8.50 54
8.50 55
8.50 56
8.50 57
8.50 58
8.50 59
8.50 60
8.50 61
8.50 62
8.50 63
8.51 64
8.51 65
8.51 66
8.51 67
8.51 68
8.51 69
8.51 70
8.51 71
8.51 72
8.51 73
8.51 74
8.51 75
8.51 76
8.51 77
8.51 78
8.51 79
8.51 80
8.51 81
8.51 82
8.51 83
8.51 84
8.51 85
8.51 86
8.51 87
8.51 88
8.51 89
8.51 90
8.51 91
8.51 92
8.51 93
8.51 94
8.51 95
8.51 96
8.51 97
8.51 98
8.51 99
8.51 100
8.51 101
8.51 102
8.51 103
8.51 104
8.51 105
8.51 106
8.51 107
8.51 108
8.51 109
8.51 110
8.51 111
8.51 112
8.51 113
8.51 114
8.51 115
8.51 116
8.51 117
8.51 118
8.51 119
8.51 120
8.51 121
8.51 122
8.51 123
8.51 124
8.51 125
8.51 126
8.51 127
8.52 128
8.52 129
8.52 130
8.52 131
8.52 132
8.52 133
8.52 134
8.52 135
8.52 136
8.52 137
8.52 138
8.52 139
8.52 140
8.52 141
8.52 142
8.52 143
8.52 144
8.52 145
8.52 146
8.52 147
8.52 148
8.52 149
8.52 150
8.52 151
8.52 152
8.52 153
8.52 154
8.52 155
8.52 156
8.52 157
8.52 158
8.52 159
8.52 160
8.52 161
8.52 162
8.52 163
8.52 164
8.52 165
8.52 166
8.52 167
8.52 168
8.52 169
8.52 170
8.52 171
8.52 172
8.52 173
8.52 174
8.52 175
8.52 176
8.52 177
8.52 178
8.52 179
8.52 180
8.52 181
8.52 182
8.52 183
8.52 184
8.52 185
8.52 186
8.52 187
8.52 188
8.52 189
8.52 190
8.52 191
8.52 192
8.52 193
8.52 194
8.52 195
8.52 196
8.52 197
8.52 198
8.52 199
8.53 200
8.53 201
8.53 202
8.53 203
8.53 204
8.53 205
8.53 206
8.53 207
8.53 208
8.53 209
8.53 210
8.53 211
8.53 212
8.53 213
8.53 214
8.53 215
8.53 216
8.53 217
8.53 218
8.53 219
8.53 220
8.53 221
8.53 222
8.53 223
8.53 224
8.53 225
8.53 226
8.53 227
8.53 228
8.53 229
8.53 230
8.53 231
8.53 232
8.53 233
8.53 234
8.53 235
8.53 236
8.53 237
8.53 238
8.53 239
8.53 240
8.53 241
8.53 242
8.53 243
8.53 244
8.53 245
8.53 246
8.53 247
8.53 248
8.53 249
8.53 250
8.53 251
8.53 252
8.53 253
8.53 254
8.53 255
8.53 256
8.53 257
8.53 258
8.53 259
8.53 260
8.53 261
8.53 262
8.53 263
8.53 264
8.53 265
8.53 266
8.53 267
8.53 268
8.53 269
8.53 270
8.53 271
8.53 272
8.53 273
8.53 274
8.53 275
8.53 276
8.53 277
8.53 278
8.53 279
8.54 280
8.54 281
8.54 282
8.54 283
8.54 284
8.54 285
8.54 286
8.54 287
8.54 288
8.54 289
8.54 290
8.54 291
8.54 292
8.54 293
8.54 294
8.54 295
8.54 296
8.54 297
8.54 298
8.54 299
8.54 300
8.54 301
8.54 302
8.54 303
8.54 304
8.54 305
8.54 306
8.54 307
8.54 308
8.54 309
8.54 310
8.54 311
8.54 312
8.54 313
8.54 314
8.54 315
8.54 316
8.54 317
8.54 318
8.54 319
8.54 320
8.54 321
8.54 322
8.54 323
8.54 324
8.54 325
8.54 326
8.54 327
8.54 328
8.54 329
8.54 330
8.54 331
8.54 332
8.54 333
8.54 334
8.54 335
8.54 336
8.54 337
8.54 338
8.54 339
8.54 340
8.54 341
8.54 342
8.54 343
8.54 344
8.54 345
8.54 346
8.54 347
8.54 348
8.54 349
8.54 350
8.54 351
8.54 352
8.54 353
8.54 354
8.54 355
8.54 356
8.54 357
8.54 358
8.54 359
8.55 360
8.55 361
8.55 362
8.55 363
8.55 364
8.55 365
8.55 366
8.55 367
8.55 368
8.55 369
8.55 370
8.55 371
8.55 372
8.55 373
8.55 374
8.55 375
8.55 376
8.55 377
8.55 378
8.55 379
8.55 380
8.55 381
8.55 382
8.55 383
8.55 384
8.55 385
8.55 386
8.55 387
8.55 388
8.55 389
8.55 390
8.55 391
8.55 392
8.55 393
8.55 394
8.55 395
8.55 396
8.55 397
8.55 398
8.55 399
8.55 400
8.55 401
8.55 402
8.55 403
8.55 404
8.55 405
8.55 406
8.55 407
8.55 408
8.55 409
8.55 410
8.55 411
8.55 412
8.55 413
8.55 414
8.55 415
8.55 416
8.55 417
8.55 418
8.55 419
8.55 420
8.55 421
8.55 422
8.55 423
8.55 424
8.55 425
8.55 426
8.55 427
8.55 428
8.55 429
8.55 430
8.55 431
8.55 432
8.55 433
8.55 434
8.55 435
8.55 436
8.55 437
8.55 438
8.55 439
8.55 440
8.55 441
8.55 442
8.55 443
8.56 444
8.56 445
8.56 446
8.56 447
8.56 448
8.56 449
8.56 450
8.56 451
8.56 452
8.56 453
8.56 454
8.56 455
8.56 456
8.56 457
8.56 458
8.56 459
8.56 460
8.56 461
8.56 462
8.56 463
8.56 464
8.56 465
8.56 466
8.56 467
8.56 468
8.56 469
8.56 470
8.56 471
8.56 472
8.56 473
8.56 474
8.56 475
8.56 476
8.56 477
8.56 478
8.56 479
8.56 480
8.56 481
8.56 482
8.56 483
8.56 484
8.56 485
8.56 486
8.56 487
8.56 488
8.56 489
8.56 490
8.56 491
8.56 492
8.56 493
8.56 494
8.56 495
8.56 496
8.56 497
8.56 498
8.56 499
8.56 500
8.56 501
8.56 502
8.56 503
8.56 504
8.56 505
8.56 506
8.56 507
8.56 508
8.56 509
8.56 510
8.56 511
8.56 512
8.56 513
8.56 514
8.56 515
8.56 516
8.56 517
8.56 518
8.56 519
8.56 520
8.56 521
8.56 522
8.57 523
8.57 524
8.57 525
8.57 526
8.57 527
8.57 528
8.57 529
8.57 530
8.57 531
8.57 532
8.57 533
8.57 534
8.57 535
8.57 536
8.57 537
8.57 538
8.57 539
8.57 540
8.57 541
8.57 542
8.57 543
8.57 544
8.57 545
8.57 546
8.57 547
8.57 548
8.57 549
8.57 550
8.57 551
8.57 552
8.57 553
8.57 554
8.57 555
8.57 556
8.57 557
8.57 558
8.57 559
8.57 560
8.57 561
8.57 562
8.57 563
8.57 564
8.57 565
8.57 566
8.57 567
8.57 568
8.57 569
8.57 570
8.57 571
8.57 572
8.57 573
8.57 574
8.58 575
8.58 576
8.58 577
8.58 578
8.58 579
8.58 580
8.58 581
8.58 582
8.58 583
8.58 584
8.58 585
8.58 586
8.58 587
8.58 588
8.58 589
8.58 590
8.58 591
8.58 592
8.58 593
8.58 594
8.58 595
8.58 596
8.58 597
8.58 598
8.58 599
8.58 600
8.58 601
8.58 602
8.58 603
8.58 604
8.58 605
8.58 606
8.58 607
8.58 608
8.58 609
8.58 610
8.58 611
8.58 612
8.58 613
8.58 614
8.58 615
8.58 616
8.58 617
8.58 618
8.58 619
8.58 620
8.58 621
8.58 622
8.58 623
8.58 624
8.58 625
8.58 626
8.58 627
8.59 628
8.59 629
8.59 630
8.59 631
8.59 632
8.59 633
8.59 634
8.59 635
8.59 636
8.59 637
8.59 638
8.59 639
8.59 640
8.59 641
8.59 642
8.59 643
8.59 644
8.59 645
8.59 646
8.59 647
8.59 648
8.59 649
8.59 650
8.59 651
8.59 652
8.59 653
8.59 654
8.59 655
8.59 656
8.59 657
8.59 658
8.59 659
8.59 660
8.60 661
8.60 662
8.60 663
8.60 664
8.60 665
8.60 666
8.60 667
8.60 668
8.60 669
8.60 670
8.60 671
8.60 672
8.60 673
8.60 674
8.60 675
8.60 676
8.60 677
8.60 678
8.60 679
8.60 680
8.60 681
8.60 682
8.60 683
8.60 684
8.60 685
8.60 686
8.60 687
8.60 688
8.60 689
8.60 690
8.60 691
8.60 692
8.60 693
8.60 694
8.60 695
8.60 696
8.60 697
8.60 698
8.60 699
8.61 700
8.61 701
8.61 702
8.61 703
8.61 704
8.61 705
8.61 706
8.61 707
8.61 708
8.61 709
8.61 710
8.61 711
8.61 712
8.61 713
8.61 714
8.61 715
8.61 716
8.61 717
8.61 718
8.61 719
8.61 720
8.61 721
8.61 722
8.61 723
8.61 724
8.61 725
8.61 726
8.61 727
8.61 728
8.61 729
8.61 730
8.61 731
8.61 732
8.62 733
8.62 734
8.62 735
8.62 736
8.62 737
8.62 738
8.62 739
8.62 740
8.62 741
8.62 742
8.62 743
8.62 744
8.62 745
8.62 746
8.62 747
8.62 748
8.62 749
8.62 750
8.62 751
8.62 752
8.62 753
8.62 754
8.62 755
8.62 756
8.62 757
8.62 758
8.62 759
8.62 760
8.62 761
8.62 762
8.62 763
8.62 764
8.62 765
8.63 766
8.63 767
8.63 768
8.63 769
8.63 770
8.63 771
8.63 772
8.63 773
8.63 774
8.63 775
8.63 776
8.63 777
8.63 778
8.63 779
8.63 780
8.63 781
8.63 782
8.63 783
8.63 784
8.63 785
8.63 786
8.63 787
8.63 788
8.63 789
8.63 790
8.63 791
8.63 792
8.63 793
8.63 794
8.63 795
8.63 796
8.63 797
8.63 798
8.63 799
8.63 800
8.63 801
8.63 802
8.63 803
8.63 804
8.64 805
8.64 806
8.64 807
8.64 808
8.64 809
8.64 810
8.64 811
8.64 812
8.64 813
8.64 814
8.64 815
8.64 816
8.64 817
8.64 818
8.64 819
8.64 820
8.64 821
8.64 822
8.64 823
8.64 824
8.64 825
8.64 826
8.64 827
8.64 828
8.64 829
8.64 830
8.64 831
8.64 832
8.64 833
8.64 834
8.64 835
8.64 836
8.64 837
8.64 838
8.64 839
8.64 840
8.64 841
8.64 842
8.64 843
8.64 844
8.64 845
8.65 846
8.65 847
8.65 848
8.65 849
8.65 850
8.65 851
8.65 852
8.65 853
8.65 854
8.65 855
8.65 856
8.65 857
8.65 858
8.65 859
8.65 860
8.65 861
8.65 862
8.65 863
8.65 864
8.65 865
8.65 866
8.65 867
8.65 868
8.65 869
8.65 870
8.65 871
8.65 872
8.65 873
8.65 874
8.65 875
8.65 876
8.65 877
8.65 878
8.65 879
8.65 880
8.65 881
8.65 882
8.65 883
8.65 884
8.65 885
8.66 886
8.66 887
8.66 888
8.66 889
8.66 890
8.66 891
8.66 892
8.66 893
8.66 894
8.66 895
8.66 896
8.66 897
8.66 898
8.66 899
8.66 900
8.66 901
8.66 902
8.66 903
8.66 904
8.66 905
8.66 906
8.66 907
8.66 908
8.66 909
8.66 910
8.66 911
8.66 912
8.66 913
8.66 914
8.66 915
8.66 916
8.66 917
8.66 918
8.66 919
8.66 920
8.66 921
8.66 922
8.66 923
8.66 924
8.66 925
8.66 926
8.66 927
8.66 928
8.66 929
8.66 930
8.66 931
8.66 932
8.66 933
8.66 934
8.66 935
8.66 936
8.66 937
8.66 938
8.66 939
8.66 940
8.66 941
8.66 942
8.66 943
8.66 944
8.66 945
8.66 946
8.66 947
8.66 948
8.67 949
8.67 950
8.67 951
8.67 952
8.67 953
8.67 954
8.67 955
8.67 956
8.67 957
8.67 958
8.67 959
8.67 960
8.67 961
8.67 962
8.67 963
8.67 964
8.67 965
8.67 966
8.67 967
8.67 968
8.67 969
8.67 970
8.67 971
8.67 972
8.67 973
8.67 974
8.67 975
8.67 976
8.67 977
8.67 978
8.67 979
8.67 980
8.67 981
8.67 982
8.67 983
8.67 984
8.67 985
8.67 986
8.67 987
8.67 988
8.67 989
8.67 990
8.67 991
8.67 992
8.67 993
8.67 994
8.67 995
8.67 996
8.67 997
8.67 998
8.67 999
8.67 1000
8.67 1001
8.67 1002
8.67 1003
8.67 1004
8.67 1005
8.67 1006
8.67 1007
8.68 1008
8.68 1009
8.68 1010
8.68 1011
8.68 1012
8.68 1013
8.68 1014
8.68 1015
8.68 1016
8.68 1017
8.68 1018
8.68 1019
8.68 1020
8.68 1021
8.68 1022
8.68 1023
8.68 1024
8.68 1025
8.68 1026
8.68 1027
8.68 1028
8.68 1029
8.68 1030
8.68 1031
8.68 1032
8.68 1033
8.68 1034
8.68 1035
8.68 1036
8.68 1037
8.68 1038
8.68 1039
8.68 1040
8.68 1041
8.68 1042
8.68 1043
8.68 1044
8.68 1045
8.68 1046
8.68 1047
8.68 1048
8.68 1049
8.68 1050
8.68 1051
8.68 1052
8.68 1053
8.68 1054
8.68 1055
8.68 1056
8.68 1057
8.68 1058
8.68 1059
8.68 1060
8.68 1061
8.68 1062
8.68 1063
8.69 1064
8.69 1065
8.69 1066
8.69 1067
8.69 1068
8.69 1069
8.69 1070
8.69 1071
8.69 1072
8.69 1073
8.69 1074
8.69 1075
8.69 1076
8.69 1077
8.69 1078
8.69 1079
8.69 1080
8.69 1081
8.69 1082
8.69 1083
8.69 1084
8.69 1085
8.69 1086
8.69 1087
8.69 1088
8.69 1089
8.69 1090
8.69 1091
8.69 1092
8.69 1093
8.69 1094
8.69 1095
8.70 1096
8.70 1097
8.70 1098
8.70 1099
8.70 1100
8.70 1101
8.70 1102
8.70 1103
8.70 1104
8.70 1105
8.70 1106
8.70 1107
8.70 1108
8.70 1109
8.70 1110
8.70 1111
8.70 1112
8.70 1113
8.70 1114
8.70 1115
8.70 1116
8.70 1117
8.70 1118
8.70 1119
8.70 1120
8.70 1121
8.70 1122
8.70 1123
8.70 1124
8.70 1125
8.70 1126
8.70 1127
8.70 1128
8.70 1129
8.70 1130
8.70 1131
8.70 1132
8.70 1133
8.70 1134
8.70 1135
8.70 1136
8.70 1137
8.70 1138
8.70 1139
8.70 1140
8.70 1141
8.70 1142
8.71 1143
8.71 1144
8.71 1145
8.71 1146
8.71 1147
8.71 1148
8.71 1149
8.71 1150
8.71 1151
8.71 1152
8.71 1153
8.71 1154
8.71 1155
8.71 1156
8.71 1157
8.71 1158
8.71 1159
8.71 1160
8.71 1161
8.71 1162
8.71 1163
8.71 1164
8.71 1165
8.71 1166
8.71 1167
8.71 1168
8.71 1169
8.71 1170
8.71 1171
8.71 1172
8.71 1173
8.71 1174
8.71 1175
8.71 1176
8.71 1177
8.71 1178
8.71 1179
8.71 1180
8.71 1181
8.71 1182
8.71 1183
8.71 1184
8.71 1185
8.71 1186
8.71 1187
8.71 1188
8.71 1189
8.71 1190
8.71 1191
8.71 1192
8.72 1193
8.72 1194
8.72 1195
8.72 1196
8.72 1197
8.72 1198
8.72 1199
8.72 1200
8.72 1201
8.72 1202
8.72 1203
8.72 1204
8.72 1205
8.72 1206
8.72 1207
8.72 1208
8.72 1209
8.72 1210
8.72 1211
8.72 1212
8.72 1213
8.72 1214
8.72 1215
8.72 1216
8.72 1217
8.72 1218
8.72 1219
8.72 1220
8.72 1221
8.72 1222
8.72 1223
8.72 1224
8.72 1225
8.72 1226
8.72 1227
8.72 1228
8.72 1229
8.72 1230
8.72 1231
8.72 1232
8.72 1233
8.72 1234
8.72 1235
8.72 1236
8.72 1237
8.72 1238
8.72 1239
8.72 1240
8.72 1241
8.72 1242
8.72 1243
8.72 1244
8.72 1245
8.72 1246
8.72 1247
8.72 1248
8.72 1249
8.72 1250
8.72 1251
8.72 1252
8.72 1253
8.72 1254
8.72 1255
8.72 1256
8.72 1257
8.72 1258
8.72 1259
8.72 1260
8.72 1261
8.72 1262
8.72 1263
8.72 1264
8.72 1265
8.72 1266
8.72 1267
8.72 1268
8.72 1269
8.72 1270
8.72 1271
8.72 1272
8.72 1273
8.72 1274
8.72 1275
8.72 1276
8.72 1277
8.72 1278
8.72 1279
8.72 1280
8.73 1281
8.73 1282
8.73 1283
8.73 1284
8.73 1285
8.73 1286
8.73 1287
8.73 1288
8.73 1289
8.73 1290
8.73 1291
8.73 1292
8.73 1293
8.73 1294
8.73 1295
8.73 1296
8.73 1297
8.73 1298
8.73 1299
8.73 1300
8.73 1301
8.73 1302
8.73 1303
8.73 1304
8.73 1305
8.73 1306
8.73 1307
8.73 1308
8.73 1309
8.73 1310
8.73 1311
8.73 1312
8.73 1313
8.73 1314
8.73 1315
8.73 1316
8.73 1317
8.73 1318
8.73 1319
8.73 1320
8.73 1321
8.73 1322
8.73 1323
8.73 1324
8.73 1325
8.73 1326
8.73 1327
8.73 1328
8.73 1329
8.73 1330
8.73 1331
8.73 1332
8.73 1333
8.73 1334
8.73 1335
8.73 1336
8.73 1337
8.73 1338
8.73 1339
8.73 1340
8.73 1341
8.73 1342
8.73 1343
8.73 1344
8.73 1345
8.73 1346
8.73 1347
8.73 1348
8.73 1349
8.73 1350
8.73 1351
8.73 1352
8.73 1353
8.73 1354
8.73 1355
8.73 1356
8.73 1357
8.73 1358
8.73 1359
8.73 1360
8.73 1361
8.73 1362
8.73 1363
8.73 1364
8.73 1365
8.73 1366
8.73 1367
8.73 1368
8.73 1369
8.73 1370
8.73 1371
8.73 1372
8.73 1373
8.73 1374
8.73 1375
8.73 1376
8.73 1377
8.73 1378
8.73 1379
8.73 1380
8.73 1381
8.73 1382
8.74 1383
8.74 1384
8.74 1385
8.74 1386
8.74 1387
8.74 1388
8.74 1389
8.74 1390
8.74 1391
8.74 1392
8.74 1393
8.74 1394
8.74 1395
8.74 1396
8.74 1397
8.74 1398
8.74 1399
8.74 1400
8.74 1401
8.74 1402
8.74 1403
8.74 1404
8.74 1405
8.74 1406
8.74 1407
8.74 1408
8.74 1409
8.74 1410
8.74 1411
8.74 1412
8.74 1413
8.74 1414
8.74 1415
8.74 1416
8.74 1417
8.74 1418
8.74 1419
8.74 1420
8.74 1421
8.74 1422
8.74 1423
8.74 1424
8.74 1425
8.74 1426
8.74 1427
8.74 1428
8.74 1429
8.74 1430
8.74 1431
8.74 1432
8.74 1433
8.74 1434
8.74 1435
8.74 1436
8.74 1437
8.74 1438
8.74 1439
8.74 1440
8.74 1441
8.74 1442
8.74 1443
8.74 1444
8.74 1445
8.74 1446
8.74 1447
8.74 1448
8.74 1449
8.74 1450
8.74 1451
8.74 1452
8.74 1453
8.74 1454
8.74 1455
8.74 1456
8.74 1457
8.74 1458
8.74 1459
8.75 1460
8.75 1461
8.75 1462
8.75 1463
8.75 1464
8.75 1465
8.75 1466
8.75 1467
8.75 1468
8.75 1469
8.75 1470
8.75 1471
8.75 1472
8.75 1473
8.75 1474
8.75 1475
8.75 1476
8.75 1477
8.75 1478
8.75 1479
8.75 1480
8.75 1481
8.75 1482
8.75 1483
8.75 1484
8.75 1485
8.75 1486
8.75 1487
8.75 1488
8.75 1489
8.75 1490
8.75 1491
8.75 1492
8.75 1493
8.75 1494
8.75 1495
8.75 1496
8.75 1497
8.75 1498
8.75 1499
8.75 1500
8.75 1501
8.75 1502
8.75 1503
8.75 1504
8.75 1505
8.75 1506
8.75 1507
8.75 1508
8.75 1509
8.75 1510
8.75 1511
8.75 1512
8.75 1513
8.75 1514
8.75 1515
8.75 1516
8.75 1517
8.75 1518
8.75 1519
8.75 1520
8.75 1521
8.75 1522
8.75 1523
8.75 1524
8.76 1525
8.76 1526
8.76 1527
8.76 1528
8.76 1529
8.76 1530
8.76 1531
8.76 1532
8.76 1533
8.76 1534
8.76 1535
8.76 1536
8.76 1537
8.76 1538
8.76 1539
8.76 1540
8.76 1541
8.76 1542
8.76 1543
8.76 1544
8.76 1545
8.76 1546
8.76 1547
8.76 1548
8.76 1549
8.76 1550
8.76 1551
8.76 1552
8.76 1553
8.76 1554
8.76 1555
8.76 1556
8.76 1557
8.76 1558
8.76 1559
8.76 1560
8.76 1561
8.76 1562
8.76 1563
8.76 1564
8.76 1565
8.76 1566
8.76 1567
8.76 1568
8.76 1569
8.76 1570
8.76 1571
8.76 1572
8.76 1573
8.76 1574
8.76 1575
8.76 1576
8.76 1577
8.76 1578
8.77 1579
8.77 1580
8.77 1581
8.77 1582
8.77 1583
8.77 1584
8.77 1585
8.77 1586
8.77 1587
8.77 1588
8.77 1589
8.77 1590
8.77 1591
8.77 1592
8.77 1593
8.77 1594
8.77 1595
8.77 1596
8.77 1597
8.77 1598
8.77 1599
8.77 1600
8.77 1601
8.77 1602
8.77 1603
8.77 1604
8.77 1605
8.77 1606
8.77 1607
8.77 1608
8.77 1609
8.77 1610
8.77 1611
8.77 1612
8.77 1613
8.77 1614
8.77 1615
8.77 1616
8.77 1617
8.77 1618
8.77 1619
8.77 1620
8.77 1621
8.77 1622
8.77 1623
8.77 1624
8.77 1625
8.77 1626
8.77 1627
8.77 1628
8.77 1629
8.77 1630
8.77 1631
8.77 1632
8.77 1633
8.77 1634
8.77 1635
8.77 1636
8.77 1637
8.77 1638
8.77 1639
8.77 1640
8.77 1641
8.77 1642
8.77 1643
8.77 1644
8.77 1645
8.77 1646
8.77 1647
8.77 1648
8.77 1649
8.77 1650
8.77 1651
8.77 1652
8.77 1653
8.77 1654
8.77 1655
8.77 1656
8.77 1657
8.77 1658
8.77 1659
8.78 1660
8.78 1661
8.78 1662
8.78 1663
8.78 1664
8.78 1665
8.78 1666
8.78 1667
8.78 1668
8.78 1669
8.78 1670
8.78 1671
8.78 1672
8.78 1673
8.78 1674
8.78 1675
8.78 1676
8.78 1677
8.78 1678
8.78 1679
8.78 1680
8.78 1681
8.78 1682
8.78 1683
8.78 1684
8.78 1685
8.78 1686
8.78 1687
8.78 1688
8.78 1689
8.78 1690
8.78 1691
8.78 1692
8.78 1693
8.78 1694
8.78 1695
8.78 1696
8.78 1697
8.78 1698
8.78 1699
8.78 1700
8.78 1701
8.78 1702
8.78 1703
8.78 1704
8.78 1705
8.78 1706
8.78 1707
8.78 1708
8.78 1709
8.78 1710
8.78 1711
8.78 1712
8.78 1713
8.78 1714
8.78 1715
8.78 1716
8.78 1717
8.78 1718
8.78 1719
8.78 1720
8.78 1721
8.78 1722
8.78 1723
8.78 1724
8.78 1725
8.78 1726
8.78 1727
8.78 1728
8.78 1729
8.78 1730
8.78 1731
8.78 1732
8.78 1733
8.78 1734
8.79 1735
8.79 1736
8.79 1737
8.79 1738
8.79 1739
8.79 1740
8.79 1741
8.79 1742
8.79 1743
8.79 1744
8.79 1745
8.79 1746
8.79 1747
8.79 1748
8.79 1749
8.79 1750
8.79 1751
8.79 1752
8.79 1753
8.79 1754
8.79 1755
8.79 1756
8.79 1757
8.79 1758
8.79 1759
8.79 1760
8.79 1761
8.79 1762
8.79 1763
8.79 1764
8.79 1765
8.79 1766
8.79 1767
8.79 1768
8.79 1769
8.79 1770
8.79 1771
8.79 1772
8.79 1773
8.79 1774
8.79 1775
8.79 1776
8.79 1777
8.79 1778
8.79 1779
8.79 1780
8.79 1781
8.79 1782
8.79 1783
8.79 1784
8.79 1785
8.79 1786
8.79 1787
8.79 1788
8.79 1789
8.79 1790
8.79 1791
8.79 1792
8.79 1793
8.79 1794
8.79 1795
8.79 1796
8.79 1797
8.79 1798
8.79 1799
8.79 1800
8.79 1801
8.79 1802
8.79 1803
8.79 1804
8.79 1805
8.79 1806
8.79 1807
8.79 1808
8.79 1809
8.79 1810
8.79 1811
8.79 1812
8.79 1813
8.79 1814
8.79 1815
8.79 1816
8.79 1817
8.79 1818
8.79 1819
8.79 1820
8.79 1821
8.79 1822
8.79 1823
8.79 1824
8.79 1825
8.79 1826
8.79 1827
8.79 1828
8.79 1829
8.79 1830
8.79 1831
8.79 1832
8.79 1833
8.79 1834
8.79 1835
8.80 1836
8.80 1837
8.80 1838
8.80 1839
8.80 1840
8.80 1841
8.80 1842
8.80 1843
8.80 1844
8.80 1845
8.80 1846
8.80 1847
8.80 1848
8.80 1849
8.80 1850
8.80 1851
8.80 1852
8.80 1853
8.80 1854
8.80 1855
8.80 1856
8.80 1857
8.80 1858
8.80 1859
8.80 1860
8.80 1861
8.80 1862
8.80 1863
8.80 1864
8.80 1865
8.80 1866
8.80 1867
8.80 1868
8.80 1869
8.80 1870
8.80 1871
8.80 1872
8.80 1873
8.80 1874
8.80 1875
8.80 1876
8.80 1877
8.80 1878
8.80 1879
8.80 1880
8.80 1881
8.80 1882
8.80 1883
8.80 1884
8.80 1885
8.80 1886
8.80 1887
8.80 1888
8.80 1889
8.80 1890
8.80 1891
8.80 1892
8.80 1893
8.80 1894
8.80 1895
8.80 1896
8.80 1897
8.80 1898
8.80 1899
8.80 1900
8.80 1901
8.80 1902
8.80 1903
8.80 1904
8.80 1905
8.80 1906
8.80 1907
8.80 1908
8.80 1909
8.80 1910
8.80 1911
8.80 1912
8.80 1913
8.80 1914
8.80 1915
8.80 1916
8.80 1917
8.80 1918
8.80 1919
8.80 1920
8.80 1921
8.80 1922
8.80 1923
8.80 1924
8.80 1925
8.80 1926
8.80 1927
8.80 1928
8.80 1929
8.80 1930
8.80 1931
8.80 1932
8.80 1933
8.80 1934
8.80 1935
8.80 1936
8.80 1937
8.80 1938
8.80 1939
8.80 1940
8.80 1941
8.80 1942
8.80 1943
8.80 1944
8.80 1945
8.80 1946
8.80 1947
8.80 1948
8.80 1949
8.80 1950
8.80 1951
8.80 1952
8.81 1953
8.81 1954
8.81 1955
8.81 1956
8.81 1957
8.81 1958
8.81 1959
8.81 1960
8.81 1961
8.81 1962
8.81 1963
8.81 1964
8.81 1965
8.81 1966
8.81 1967
8.81 1968
8.81 1969
8.81 1970
8.81 1971
8.81 1972
8.81 1973
8.81 1974
8.81 1975
8.81 1976
8.81 1977
8.81 1978
8.81 1979
8.81 1980
8.81 1981
8.81 1982
8.81 1983
8.81 1984
8.81 1985
8.81 1986
8.81 1987
8.81 1988
8.81 1989
8.81 1990
8.81 1991
8.81 1992
8.81 1993
8.81 1994
8.81 1995
8.81 1996
8.81 1997
8.81 1998
8.81 1999
8.81 2000
8.81 2001
8.81 2002
8.81 2003
8.81 2004
8.81 2005
8.81 2006
8.81 2007
8.81 2008
8.81 2009
8.81 2010
8.81 2011
8.81 2012
8.81 2013
8.81 2014
8.81 2015
8.81 2016
8.81 2017
8.81 2018
8.81 2019
8.81 2020
8.81 2021
8.81 2022
8.81 2023
8.81 2024
8.81 2025
8.81 2026
8.81 2027
8.81 2028
8.81 2029
8.81 2030
8.81 2031
8.81 2032
8.81 2033
8.81 2034
8.81 2035
8.81 2036
8.81 2037
8.81 2038
8.81 2039
8.81 2040
8.81 2041
8.81 2042
8.81 2043
8.81 2044
8.81 2045
8.81 2046
8.81 2047
8.81 2048
8.81 2049
8.81 2050
8.81 2051
8.81 2052
8.81 2053
8.81 2054
8.81 2055
8.81 2056
8.81 2057
8.81 2058
8.81 2059
8.81 2060
8.81 2061
8.81 2062
8.81 2063
8.81 2064
8.81 2065
8.81 2066
8.81 2067
8.81 2068
8.81 2069
8.81 2070
8.81 2071
8.81 2072
8.81 2073
8.81 2074
8.81 2075
8.81 2076
8.81 2077
8.81 2078
8.81 2079
8.81 2080
8.81 2081
8.81 2082
8.81 2083
8.81 2084
8.81 2085
8.81 2086
8.81 2087
8.81 2088
8.81 2089
8.81 2090
8.81 2091
8.81 2092
8.81 2093
8.81 2094
8.81 2095
8.81 2096
8.81 2097
8.81 2098
8.81 2099
8.81 2100
8.81 2101
8.81 2102
8.81 2103
8.81 2104
8.81 2105
8.81 2106
8.81 2107
8.81 2108
8.81 2109
8.81 2110
8.81 2111
8.81 2112
8.81 2113
8.81 2114
8.81 2115
8.81 2116
8.81 2117
8.81 2118
8.81 2119
8.81 2120
8.81 2121
8.81 2122
8.81 2123
8.81 2124
8.81 2125
8.81 2126
8.81 2127
8.81 2128
8.81 2129
8.81 2130
8.81 2131
8.81 2132
8.81 2133
8.81 2134
8.81 2135
8.81 2136
8.81 2137
8.81 2138
8.81 2139
8.82 2140
8.82 2141
8.82 2142
8.82 2143
8.82 2144
8.82 2145
8.82 2146
8.82 2147
8.82 2148
8.82 2149
8.82 2150
8.82 2151
8.82 2152
8.82 2153
8.82 2154
8.82 2155
8.82 2156
8.82 2157
8.82 2158
8.82 2159
8.82 2160
8.82 2161
8.82 2162
8.82 2163
8.82 2164
8.82 2165
8.82 2166
8.82 2167
8.82 2168
8.82 2169
8.82 2170
8.82 2171
8.82 2172
8.82 2173
8.82 2174
8.82 2175
8.82 2176
8.82 2177
8.82 2178
8.82 2179
8.82 2180
8.82 2181
8.82 2182
8.82 2183
8.82 2184
8.82 2185
8.82 2186
8.82 2187
8.82 2188
8.82 2189
8.82 2190
8.82 2191
8.82 2192
8.82 2193
8.82 2194
8.82 2195
8.82 2196
8.82 2197
8.82 2198
8.82 2199
8.82 2200
8.82 2201
8.82 2202
8.82 2203
8.82 2204
8.82 2205
8.82 2206
8.82 2207
8.82 2208
8.82 2209
8.82 2210
8.82 2211
8.82 2212
8.82 2213
8.82 2214
8.82 2215
8.82 2216
8.82 2217
8.82 2218
8.82 2219
8.82 2220
8.82 2221
8.82 2222
8.82 2223
8.82 2224
8.82 2225
8.82 2226
8.82 2227
8.82 2228
8.82 2229
8.82 2230
8.82 2231
8.82 2232
8.82 2233
8.82 2234
8.82 2235
8.82 2236
8.82 2237
8.82 2238
8.82 2239
8.82 2240
8.82 2241
8.82 2242
8.82 2243
8.82 2244
8.82 2245
8.82 2246
8.82 2247
8.82 2248
8.82 2249
8.82 2250
8.82 2251
8.82 2252
8.82 2253
8.82 2254
8.82 2255
8.82 2256
8.82 2257
8.82 2258
8.82 2259
8.82 2260
8.82 2261
8.82 2262
8.82 2263
8.82 2264
8.82 2265
8.82 2266
8.82 2267
8.82 2268
8.82 2269
8.82 2270
8.82 2271
8.82 2272
8.82 2273
8.82 2274
8.82 2275
8.82 2276
8.82 2277
8.82 2278
8.82 2279
8.82 2280
8.82 2281
8.82 2282
8.82 2283
8.82 2284
8.82 2285
8.82 2286
8.82 2287
8.82 2288
8.82 2289
8.82 2290
8.82 2291
8.82 2292
8.82 2293
8.82 2294
8.82 2295
8.82 2296
8.82 2297
8.82 2298
8.82 2299
8.82 2300
8.82 2301
8.82 2302
8.82 2303
8.82 2304
8.82 2305
8.82 2306
8.82 2307
8.82 2308
8.82 2309
8.82 2310
8.82 2311
8.82 2312
8.82 2313
8.82 2314
8.82 2315
8.82 2316
8.82 2317
8.82 2318
8.82 2319
8.82 2320
8.82 2321
8.82 2322
8.82 2323
8.82 2324
8.82 2325
8.82 2326
8.82 2327
8.82 2328
8.82 2329
8.82 2330
8.82 2331
8.82 2332
8.82 2333
8.82 2334
8.82 2335
8.82 2336
8.83 2337
8.83 2338
8.83 2339
8.83 2340
8.83 2341
8.83 2342
8.83 2343
8.83 2344
8.83 2345
8.83 2346
8.83 2347
8.83 2348
8.83 2349
8.83 2350
8.83 2351
8.83 2352
8.83 2353
8.83 2354
8.83 2355
8.83 2356
8.83 2357
8.83 2358
8.83 2359
8.83 2360
8.83 2361
8.83 2362
8.83 2363
8.83 2364
8.83 2365
8.83 2366
8.83 2367
8.83 2368
8.83 2369
8.83 2370
8.83 2371
8.83 2372
8.83 2373
8.83 2374
8.83 2375
8.83 2376
8.83 2377
8.83 2378
8.83 2379
8.83 2380
8.83 2381
8.83 2382
8.83 2383
8.83 2384
8.83 2385
8.83 2386
8.83 2387
8.83 2388
8.83 2389
8.83 2390
8.83 2391
8.83 2392
8.83 2393
8.83 2394
8.83 2395
8.83 2396
8.83 2397
8.83 2398
8.83 2399
8.83 2400
8.83 2401
8.83 2402
8.83 2403
8.83 2404
8.83 2405
8.83 2406
8.83 2407
8.83 2408
8.83 2409
8.83 2410
8.83 2411
8.83 2412
8.83 2413
8.83 2414
8.83 2415
8.83 2416
8.83 2417
8.83 2418
8.83 2419
8.83 2420
8.83 2421
8.83 2422
8.83 2423
8.83 2424
8.83 2425
8.83 2426
8.83 2427
8.83 2428
8.83 2429
8.83 2430
8.83 2431
8.83 2432
8.83 2433
8.83 2434
8.83 2435
8.83 2436
8.83 2437
8.83 2438
8.83 2439
8.83 2440
8.83 2441
8.83 2442
8.83 2443
8.83 2444
8.83 2445
8.83 2446
8.83 2447
8.83 2448
8.83 2449
8.83 2450
8.83 2451
8.83 2452
8.83 2453
8.83 2454
8.83 2455
8.83 2456
8.83 2457
8.83 2458
8.83 2459
8.83 2460
8.83 2461
8.83 2462
8.83 2463
8.83 2464
8.83 2465
8.83 2466
8.83 2467
8.83 2468
8.83 2469
8.83 2470
8.83 2471
8.83 2472
8.83 2473
8.83 2474
8.83 2475
8.83 2476
8.83 2477
8.83 2478
8.83 2479
8.83 2480
8.83 2481
8.83 2482
8.83 2483
8.83 2484
8.83 2485
8.83 2486
8.83 2487
8.83 2488
8.83 2489
8.83 2490
8.83 2491
8.83 2492
8.83 2493
8.83 2494
8.83 2495
8.83 2496
8.83 2497
8.83 2498
8.83 2499
8.83 2500
8.83 2501
8.83 2502
8.83 2503
8.83 2504
8.83 2505
8.83 2506
8.83 2507
8.83 2508
8.83 2509
8.83 2510
8.83 2511
8.83 2512
8.83 2513
8.83 2514
8.83 2515
8.83 2516
8.83 2517
8.83 2518
8.83 2519
8.83 2520
8.83 2521
8.83 2522
8.83 2523
8.83 2524
8.83 2525
8.83 2526
8.83 2527
8.83 2528
8.83 2529
8.83 2530
8.83 2531
8.83 2532
8.83 2533
8.83 2534
8.83 2535
8.83 2536
8.83 2537
8.84 2538
8.84 2539
8.84 2540
8.84 2541
8.84 2542
8.84 2543
8.84 2544
8.84 2545
8.84 2546
8.84 2547
8.84 2548
8.84 2549
8.84 2550
8.84 2551
8.84 2552
8.84 2553
8.84 2554
8.84 2555
8.84 2556
8.84 2557
8.84 2558
8.84 2559
8.84 2560
8.84 2561
8.84 2562
8.84 2563
8.84 2564
8.84 2565
8.84 2566
8.84 2567
8.84 2568
8.84 2569
8.84 2570
8.84 2571
8.84 2572
8.84 2573
8.84 2574
8.84 2575
8.84 2576
8.84 2577
8.84 2578
8.84 2579
8.84 2580
8.84 2581
8.84 2582
8.84 2583
8.84 2584
8.84 2585
8.84 2586
8.84 2587
8.84 2588
8.84 2589
8.84 2590
8.84 2591
8.84 2592
8.84 2593
8.84 2594
8.84 2595
8.84 2596
8.84 2597
8.84 2598
8.84 2599
8.84 2600
8.84 2601
8.84 2602
8.84 2603
8.84 2604
8.84 2605
8.84 2606
8.84 2607
8.84 2608
8.84 2609
8.84 2610
8.84 2611
8.84 2612
8.84 2613
8.84 2614
8.84 2615
8.84 2616
8.84 2617
8.84 2618
8.84 2619
8.84 2620
8.84 2621
8.84 2622
8.84 2623
8.84 2624
8.84 2625
8.84 2626
8.84 2627
8.84 2628
8.84 2629
8.84 2630
8.84 2631
8.84 2632
8.84 2633
8.84 2634
8.84 2635
8.84 2636
8.84 2637
8.84 2638
8.84 2639
8.84 2640
8.84 2641
8.84 2642
8.84 2643
8.84 2644
8.84 2645
8.84 2646
8.84 2647
8.84 2648
8.84 2649
8.84 2650
8.84 2651
8.84 2652
8.84 2653
8.84 2654
8.84 2655
8.84 2656
8.84 2657
8.84 2658
8.84 2659
8.84 2660
8.84 2661
8.84 2662
8.84 2663
8.84 2664
8.84 2665
8.84 2666
8.84 2667
8.84 2668
8.84 2669
8.84 2670
8.84 2671
8.84 2672
8.84 2673
8.84 2674
8.84 2675
8.84 2676
8.84 2677
8.84 2678
8.84 2679
8.84 2680
8.84 2681
8.84 2682
8.84 2683
8.84 2684
8.84 2685
8.84 2686
8.84 2687
8.84 2688
8.84 2689
8.84 2690
8.84 2691
8.84 2692
8.84 2693
8.84 2694
8.84 2695
8.84 2696
8.84 2697
8.84 2698
8.84 2699
8.84 2700
8.84 2701
8.84 2702
8.84 2703
8.84 2704
8.84 2705
8.84 2706
8.84 2707
8.84 2708
8.84 2709
8.84 2710
8.84 2711
8.84 2712
8.84 2713
8.84 2714
8.84 2715
8.84 2716
8.84 2717
8.84 2718
8.84 2719
8.84 2720
8.84 2721
8.84 2722
8.84 2723
8.84 2724
8.84 2725
8.84 2726
8.84 2727
8.84 2728
8.84 2729
8.84 2730
8.85 2731
8.85 2732
8.85 2733
8.85 2734
8.85 2735
8.85 2736
8.85 2737
8.85 2738
8.85 2739
8.85 2740
8.85 2741
8.85 2742
8.85 2743
8.85 2744
8.85 2745
8.85 2746
8.85 2747
8.85 2748
8.85 2749
8.85 2750
8.85 2751
8.85 2752
8.85 2753
8.85 2754
8.85 2755
8.85 2756
8.85 2757
8.85 2758
8.85 2759
8.85 2760
8.85 2761
8.85 2762
8.85 2763
8.85 2764
8.85 2765
8.85 2766
8.85 2767
8.85 2768
8.85 2769
8.85 2770
8.85 2771
8.85 2772
8.85 2773
8.85 2774
8.85 2775
8.85 2776
8.85 2777
8.85 2778
8.85 2779
8.85 2780
8.85 2781
8.85 2782
8.85 2783
8.85 2784
8.85 2785
8.85 2786
8.85 2787
8.85 2788
8.85 2789
8.85 2790
8.85 2791
8.85 2792
8.85 2793
8.85 2794
8.85 2795
8.85 2796
8.85 2797
8.85 2798
8.85 2799
8.85 2800
8.85 2801
8.85 2802
8.85 2803
8.85 2804
8.85 2805
8.85 2806
8.85 2807
8.85 2808
8.85 2809
8.85 2810
8.85 2811
8.85 2812
8.85 2813
8.85 2814
8.85 2815
8.85 2816
8.85 2817
8.85 2818
8.85 2819
8.85 2820
8.85 2821
8.85 2822
8.85 2823
8.85 2824
8.85 2825
8.85 2826
8.85 2827
8.85 2828
8.85 2829
8.85 2830
8.85 2831
8.85 2832
8.85 2833
8.85 2834
8.85 2835
8.85 2836
8.85 2837
8.85 2838
8.85 2839
8.85 2840
8.85 2841
8.85 2842
8.85 2843
8.85 2844
8.85 2845
8.85 2846
8.85 2847
8.85 2848
8.85 2849
8.85 2850
8.85 2851
8.85 2852
8.85 2853
8.85 2854
8.85 2855
8.85 2856
8.85 2857
8.85 2858
8.85 2859
8.85 2860
8.85 2861
8.85 2862
8.85 2863
8.85 2864
8.85 2865
8.85 2866
8.85 2867
8.85 2868
8.85 2869
8.85 2870
8.85 2871
8.85 2872
8.85 2873
8.85 2874
8.85 2875
8.86 2876
8.86 2877
8.86 2878
8.86 2879
8.86 2880
8.86 2881
8.86 2882
8.86 2883
8.86 2884
8.86 2885
8.86 2886
8.86 2887
8.86 2888
8.86 2889
8.86 2890
8.86 2891
8.86 2892
8.86 2893
8.86 2894
8.86 2895
8.86 2896
8.86 2897
8.86 2898
8.86 2899
8.86 2900
8.86 2901
8.86 2902
8.86 2903
8.86 2904
8.86 2905
8.86 2906
8.86 2907
8.86 2908
8.86 2909
8.86 2910
8.86 2911
8.86 2912
8.86 2913
8.86 2914
8.86 2915
8.86 2916
8.86 2917
8.86 2918
8.86 2919
8.86 2920
8.86 2921
8.86 2922
8.86 2923
8.86 2924
8.86 2925
8.86 2926
8.86 2927
8.86 2928
8.86 2929
8.86 2930
8.86 2931
8.86 2932
8.86 2933
8.86 2934
8.86 2935
8.86 2936
8.86 2937
8.86 2938
8.86 2939
8.86 2940
8.86 2941
8.86 2942
8.86 2943
8.86 2944
8.86 2945
8.86 2946
8.86 2947
8.86 2948
8.86 2949
8.86 2950
8.86 2951
8.86 2952
8.86 2953
8.86 2954
8.86 2955
8.86 2956
8.86 2957
8.86 2958
8.86 2959
8.86 2960
8.86 2961
8.86 2962
8.86 2963
8.86 2964
8.86 2965
8.86 2966
8.86 2967
8.86 2968
8.86 2969
8.87 2970
8.87 2971
8.87 2972
8.87 2973
8.87 2974
8.87 2975
8.87 2976
8.87 2977
8.87 2978
8.87 2979
8.87 2980
8.87 2981
8.87 2982
8.87 2983
8.87 2984
8.87 2985
8.87 2986
8.87 2987
8.87 2988
8.87 2989
8.87 2990
8.87 2991
8.87 2992
8.87 2993
8.87 2994
8.87 2995
8.87 2996
8.87 2997
8.87 2998
8.87 2999
8.87 3000
8.87 3001
8.87 3002
8.87 3003
8.87 3004
8.87 3005
8.87 3006
8.87 3007
8.87 3008
8.87 3009
8.87 3010
8.87 3011
8.87 3012
8.87 3013
8.87 3014
8.87 3015
8.87 3016
8.87 3017
8.87 3018
8.87 3019
8.87 3020
8.87 3021
8.87 3022
8.87 3023
8.87 3024
8.87 3025
8.87 3026
8.87 3027
8.87 3028
8.87 3029
8.87 3030
8.87 3031
8.87 3032
8.87 3033
8.87 3034
8.87 3035
8.87 3036
8.87 3037
8.87 3038
8.87 3039
8.87 3040
8.87 3041
8.87 3042
8.87 3043
8.87 3044
8.87 3045
8.87 3046
8.87 3047
8.87 3048
8.87 3049
8.87 3050
8.87 3051
8.87 3052
8.87 3053
8.87 3054
8.87 3055
8.87 3056
8.87 3057
8.87 3058
8.88 3059
8.88 3060
8.88 3061
8.88 3062
8.88 3063
8.88 3064
8.88 3065
8.88 3066
8.88 3067
8.88 3068
8.88 3069
8.88 3070
8.88 3071
8.88 3072
8.88 3073
8.88 3074
8.88 3075
8.88 3076
8.88 3077
8.88 3078
8.88 3079
8.88 3080
8.88 3081
8.88 3082
8.88 3083
8.88 3084
8.88 3085
8.88 3086
8.88 3087
8.88 3088
8.88 3089
8.88 3090
8.88 3091
8.88 3092
8.88 3093
8.88 3094
8.88 3095
8.88 3096
8.88 3097
8.88 3098
8.88 3099
8.88 3100
8.88 3101
8.88 3102
8.88 3103
8.88 3104
8.88 3105
8.88 3106
8.88 3107
8.88 3108
8.88 3109
8.88 3110
8.88 3111
8.88 3112
8.88 3113
8.88 3114
8.88 3115
8.88 3116
8.88 3117
8.88 3118
8.88 3119
8.88 3120
8.88 3121
8.88 3122
8.88 3123
8.88 3124
8.88 3125
8.88 3126
8.88 3127
8.88 3128
8.88 3129
8.88 3130
8.89 3131
8.89 3132
8.89 3133
8.89 3134
8.89 3135
8.89 3136
8.89 3137
8.89 3138
8.89 3139
8.89 3140
8.89 3141
8.89 3142
8.89 3143
8.89 3144
8.89 3145
8.89 3146
8.89 3147
8.89 3148
8.89 3149
8.89 3150
8.89 3151
8.89 3152
8.89 3153
8.89 3154
8.89 3155
8.89 3156
8.89 3157
8.89 3158
8.89 3159
8.89 3160
8.89 3161
8.89 3162
8.89 3163
8.89 3164
8.89 3165
8.89 3166
8.89 3167
8.89 3168
8.89 3169
8.89 3170
8.89 3171
8.89 3172
8.89 3173
8.89 3174
8.89 3175
8.89 3176
8.89 3177
8.89 3178
8.89 3179
8.89 3180
8.89 3181
8.89 3182
8.89 3183
8.89 3184
8.89 3185
8.89 3186
8.89 3187
8.89 3188
8.89 3189
8.89 3190
8.89 3191
8.89 3192
8.89 3193
8.89 3194
8.89 3195
8.89 3196
8.89 3197
8.89 3198
8.89 3199
8.89 3200
8.89 3201
8.90 3202
8.90 3203
8.90 3204
8.90 3205
8.90 3206
8.90 3207
8.90 3208
8.90 3209
8.90 3210
8.90 3211
8.90 3212
8.90 3213
8.90 3214
8.90 3215
8.90 3216
8.90 3217
8.90 3218
8.90 3219
8.90 3220
8.90 3221
8.90 3222
8.90 3223
8.90 3224
8.90 3225
8.90 3226
8.90 3227
8.90 3228
8.90 3229
8.90 3230
8.90 3231
8.90 3232
8.90 3233
8.90 3234
8.90 3235
8.90 3236
8.90 3237
8.90 3238
8.90 3239
8.90 3240
8.90 3241
8.90 3242
8.90 3243
8.90 3244
8.90 3245
8.90 3246
8.90 3247
8.90 3248
8.90 3249
8.90 3250
8.90 3251
8.90 3252
8.90 3253
8.90 3254
8.90 3255
8.90 3256
8.90 3257
8.90 3258
8.90 3259
8.90 3260
8.90 3261
8.90 3262
8.90 3263
8.90 3264
8.90 3265
8.90 3266
8.90 3267
8.90 3268
8.90 3269
8.90 3270
8.90 3271
8.91 3272
8.91 3273
8.91 3274
8.91 3275
8.91 3276
8.91 3277
8.91 3278
8.91 3279
8.91 3280
8.91 3281
8.91 3282
8.91 3283
8.91 3284
8.91 3285
8.91 3286
8.91 3287
8.91 3288
8.91 3289
8.91 3290
8.91 3291
8.91 3292
8.91 3293
8.91 3294
8.91 3295
8.91 3296
8.91 3297
8.91 3298
8.91 3299
8.91 3300
8.91 3301
8.91 3302
8.91 3303
8.91 3304
8.91 3305
8.91 3306
8.91 3307
8.91 3308
8.91 3309
8.91 3310
8.91 3311
8.91 3312
8.91 3313
8.91 3314
8.91 3315
8.92 3316
8.92 3317
8.92 3318
8.92 3319
8.92 3320
8.92 3321
8.92 3322
8.92 3323
8.92 3324
8.92 3325
8.92 3326
8.92 3327
8.92 3328
8.92 3329
8.92 3330
8.92 3331
8.92 3332
8.92 3333
8.92 3334
8.92 3335
8.92 3336
8.92 3337
8.92 3338
8.92 3339
8.92 3340
8.92 3341
8.92 3342
8.92 3343
8.92 3344
8.92 3345
8.92 3346
8.92 3347
8.92 3348
8.92 3349
8.92 3350
8.92 3351
8.92 3352
8.92 3353
8.92 3354
8.92 3355
8.92 3356
8.93 3357
8.93 3358
8.93 3359
8.93 3360
8.93 3361
8.93 3362
8.93 3363
8.93 3364
8.93 3365
8.93 3366
8.93 3367
8.93 3368
8.93 3369
8.93 3370
8.93 3371
8.93 3372
8.93 3373
8.93 3374
8.93 3375
8.93 3376
8.93 3377
8.93 3378
8.93 3379
8.93 3380
8.93 3381
8.93 3382
8.93 3383
8.93 3384
8.93 3385
8.93 3386
8.93 3387
8.93 3388
8.93 3389
8.93 3390
8.93 3391
8.93 3392
8.93 3393
8.93 3394
8.93 3395
8.93 3396
8.93 3397
8.93 3398
8.93 3399
8.93 3400
8.93 3401
8.93 3402
8.93 3403
8.93 3404
8.93 3405
8.93 3406
8.94 3407
8.94 3408
8.94 3409
8.94 3410
8.94 3411
8.94 3412
8.94 3413
8.94 3414
8.94 3415
8.94 3416
8.94 3417
8.94 3418
8.94 3419
8.94 3420
8.94 3421
8.94 3422
8.94 3423
8.94 3424
8.94 3425
8.94 3426
8.94 3427
8.94 3428
8.94 3429
8.94 3430
8.94 3431
8.94 3432
8.94 3433
8.94 3434
8.94 3435
8.94 3436
8.94 3437
8.94 3438
8.94 3439
8.94 3440
8.95 3441
8.95 3442
8.95 3443
8.95 3444
8.95 3445
8.95 3446
8.95 3447
8.95 3448
8.95 3449
8.95 3450
8.95 3451
8.95 3452
8.95 3453
8.95 3454
8.95 3455
8.95 3456
8.95 3457
8.95 3458
8.95 3459
8.95 3460
8.95 3461
8.95 3462
8.95 3463
8.95 3464
8.95 3465
8.95 3466
8.95 3467
8.95 3468
8.95 3469
8.95 3470
8.95 3471
8.95 3472
8.95 3473
8.95 3474
8.95 3475
8.95 3476
8.95 3477
8.95 3478
8.95 3479
8.95 3480
8.95 3481
8.95 3482
8.95 3483
8.95 3484
8.95 3485
8.96 3486
8.96 3487
8.96 3488
8.96 3489
8.96 3490
8.96 3491
8.96 3492
8.96 3493
8.96 3494
8.96 3495
8.96 3496
8.96 3497
8.96 3498
8.96 3499
8.96 3500
8.96 3501
8.96 3502
8.96 3503
8.96 3504
8.96 3505
8.96 3506
8.96 3507
8.96 3508
8.96 3509
8.96 3510
8.96 3511
8.96 3512
8.96 3513
8.96 3514
8.97 3515
8.97 3516
8.97 3517
8.97 3518
8.97 3519
8.97 3520
8.97 3521
8.97 3522
8.97 3523
8.97 3524
8.97 3525
8.97 3526
8.97 3527
8.97 3528
8.97 3529
8.97 3530
8.97 3531
8.97 3532
8.97 3533
8.97 3534
8.97 3535
8.97 3536
8.97 3537
8.97 3538
8.97 3539
8.97 3540
8.97 3541
8.97 3542
8.97 3543
8.97 3544
8.97 3545
8.97 3546
8.97 3547
8.97 3548
8.98 3549
8.98 3550
8.98 3551
8.98 3552
8.98 3553
8.98 3554
8.98 3555
8.98 3556
8.98 3557
8.98 3558
8.98 3559
8.98 3560
8.98 3561
8.98 3562
8.98 3563
8.98 3564
8.98 3565
8.98 3566
8.98 3567
8.98 3568
8.98 3569
8.98 3570
8.98 3571
8.98 3572
8.98 3573
8.98 3574
8.98 3575
8.98 3576
8.98 3577
8.98 3578
8.98 3579
8.98 3580
8.98 3581
8.98 3582
8.99 3583
8.99 3584
8.99 3585
8.99 3586
8.99 3587
8.99 3588
8.99 3589
8.99 3590
8.99 3591
8.99 3592
8.99 3593
8.99 3594
8.99 3595
8.99 3596
8.99 3597
8.99 3598
8.99 3599
8.99 3600
8.99 3601
8.99 3602
9.00 3603
9.00 3604
9.00 3605
9.00 3606
9.00 3607
9.00 3608
9.00 3609
9.00 3610
9.00 3611
9.00 3612
9.00 3613
9.00 3614
9.00 3615
9.00 3616
9.00 3617
9.00 3618
9.00 3619
9.00 3620
9.00 3621
9.00 3622
9.00 3623
9.00 3624
9.00 3625
9.01 3626
9.01 3627
9.01 3628
9.01 3629
9.01 3630
9.01 3631
9.01 3632
9.01 3633
9.01 3634
9.01 3635
9.01 3636
9.01 3637
9.01 3638
9.01 3639
9.01 3640
9.01 3641
9.01 3642
9.01 3643
9.01 3644
9.01 3645
9.01 3646
9.01 3647
9.01 3648
9.01 3649
9.01 3650
9.01 3651
9.02 3652
9.02 3653
9.02 3654
9.02 3655
9.02 3656
9.02 3657
9.02 3658
9.02 3659
9.02 3660
9.02 3661
9.02 3662
9.02 3663
9.02 3664
9.02 3665
9.02 3666
9.02 3667
9.03 3668
9.03 3669
9.03 3670
9.03 3671
9.03 3672
9.03 3673
9.03 3674
9.03 3675
9.03 3676
9.03 3677
9.03 3678
9.03 3679
9.04 3680
9.04 3681
9.04 3682
9.04 3683
9.04 3684
9.04 3685
9.04 3686
9.04 3687
9.04 3688
9.04 3689
9.04 3690
9.04 3691
9.04 3692
9.04 3693
9.04 3694
9.04 3695
9.04 3696
9.04 3697
9.05 3698
9.05 3699
9.05 3700
9.05 3701
9.05 3702
9.05 3703
9.05 3704
9.05 3705
9.05 3706
9.05 3707
9.05 3708
9.05 3709
9.05 3710
9.05 3711
9.05 3712
9.05 3713
9.05 3714
9.06 3715
9.06 3716
9.06 3717
9.06 3718
9.06 3719
9.06 3720
9.06 3721
9.06 3722
9.06 3723
9.06 3724
9.06 3725
9.06 3726
9.06 3727
9.06 3728
9.06 3729
9.07 3730
9.07 3731
9.07 3732
9.07 3733
9.07 3734
9.07 3735
9.07 3736
9.07 3737
9.07 3738
9.07 3739
9.07 3740
9.08 3741
9.08 3742
9.08 3743
9.09 3744
9.09 3745
9.09 3746
9.09 3747
9.09 3748
9.09 3749
9.09 3750
9.09 3751
9.10 3752
9.10 3753
9.10 3754
9.10 3755
9.10 3756
9.10 3757
9.10 3758
9.10 3759
9.10 3760
9.11 3761
9.11 3762
9.11 3763
9.11 3764
9.11 3765
9.11 3766
9.11 3767
9.11 3768
9.12 3769
9.12 3770
9.12 3771
9.12 3772
9.12 3773
9.12 3774
9.12 3775
9.12 3776
9.12 3777
9.12 3778
9.12 3779
9.12 3780
9.12 3781
9.13 3782
9.13 3783
9.13 3784
9.13 3785
9.13 3786
9.13 3787
9.14 3788
9.14 3789
9.15 3790
9.15 3791
9.15 3792
9.17 3793
9.17 3794
9.17 3795
9.17 3796
9.17 3797
9.17 3798
9.18 3799
9.18 3800
9.19 3801
9.19 3802
9.19 3803
9.20 3804
9.20 3805
9.20 3806
9.21 3807
9.21 3808
9.22 3809
9.22 3810
9.22 3811
9.23 3812
9.23 3813
9.23 3814
9.23 3815
9.24 3816
9.24 3817
9.25 3818
9.27 3819
9.27 3820
9.28 3821
9.29 3822
9.29 3823
9.30 3824
9.30 3825
9.30 3826
9.31 3827
9.32 3828
9.32 3829
9.33 3830
9.34 3831
9.34 3832
9.35 3833
9.35 3834
9.36 3835
9.36 3836
9.37 3837
9.37 3838
9.38 3839
9.41 3840
9.41 3841
9.42 3842
9.44 3843
9.45 3844
9.48 3845
9.50 3846
9.51 3847
9.52 3848
9.52 3849
9.53 3850
9.54 3851
9.56 3852
9.57 3853
9.57 3854
9.64 3855
9.64 3856
9.64 3857
9.65 3858
9.69 3859
9.70 3860
9.75 3861
9.75 3862
9.78 3863
9.79 3864
9.85 3865
9.85 3866
9.86 3867
9.86 3868
9.90 3869
9.91 3870
9.99 3871
10.0 3872
10.1 3873
10.1 3874
10.1 3875
10.1 3876
10.1 3877
10.2 3878
10.2 3879
10.3 3880
10.4 3881
10.4 3882
10.5 3883
10.6 3884
10.6 3885
10.6 3886
10.6 3887
10.6 3888
10.6 3889
10.6 3890
10.7 3891
10.7 3892
10.7 3893
10.7 3894
10.8 3895
10.8 3896
10.8 3897
10.8 3898
10.8 3899
10.8 3900
10.8 3901
10.8 3902
10.8 3903
10.8 3904
10.9 3905
10.9 3906
10.9 3907
10.9 3908
10.9 3909
11.0 3910
11.0 3911
11.0 3912
11.0 3913
11.0 3914
11.0 3915
11.0 3916
11.0 3917
11.0 3918
11.0 3919
11.0 3920
11.0 3921
11.0 3922
11.0 3923
11.0 3924
11.0 3925
11.0 3926
11.0 3927
11.0 3928
11.0 3929
11.0 3930
11.0 3931
11.0 3932
11.0 3933
11.0 3934
11.0 3935
11.0 3936
11.0 3937
11.0 3938
11.0 3939
11.0 3940
11.0 3941
11.0 3942
11.0 3943
11.1 3944
11.1 3945
11.1 3946
11.1 3947
11.1 3948
11.1 3949
11.1 3950
11.1 3951
11.1 3952
11.1 3953
11.1 3954
11.1 3955
11.1 3956
11.1 3957
11.1 3958
11.1 3959
11.1 3960
11.1 3961
11.1 3962
11.1 3963
11.1 3964
11.1 3965
11.1 3966
11.1 3967
11.1 3968
11.1 3969
11.1 3970
11.1 3971
11.1 3972
11.2 3973
11.2 3974
11.2 3975
11.2 3976
11.2 3977
11.2 3978
11.2 3979
11.2 3980
11.2 3981
11.2 3982
11.2 3983
11.2 3984
11.2 3985
11.2 3986
11.2 3987
11.2 3988
11.2 3989
11.3 3990
11.3 3991
11.3 3992
11.3 3993
11.3 3994
11.3 3995
11.3 3996
11.4 3997
11.4 3998
11.5 3999
11.6 4000
11.6 4001
11.7 4002
11.8 4003
11.9 4004
11.9 4005
11.9 4006
12.0 4007
12.1 4008
12.2 4009
12.5 4010
12.5 4011
12.5 4012
12.6 4013
12.6 4014
12.6 4015
12.6 4016
12.6 4017
12.6 4018
12.6 4019
12.6 4020
12.6 4021
12.6 4022
12.6 4023
12.6 4024
12.6 4025
12.6 4026
12.6 4027
12.6 4028
12.6 4029
12.6 4030
12.6 4031
12.6 4032
12.6 4033
12.6 4034
12.6 4035
12.6 4036
12.6 4037
12.6 4038
12.6 4039
12.6 4040
12.6 4041
12.6 4042
12.6 4043
12.6 4044
12.6 4045
12.6 4046
12.6 4047
12.6 4048
12.6 4049
12.6 4050
12.6 4051
12.6 4052
12.6 4053
12.6 4054
12.6 4055
12.6 4056
12.6 4057
12.6 4058
12.6 4059
12.6 4060
12.6 4061
12.6 4062
12.6 4063
12.6 4064
12.6 4065
12.6 4066
12.6 4067
12.6 4068
12.6 4069
12.6 4070
12.6 4071
12.6 4072
12.6 4073
12.6 4074
12.6 4075
12.6 4076
12.6 4077
12.6 4078
12.6 4079
12.6 4080
12.6 4081
12.7 4082
12.7 4083
12.7 4084
12.7 4085
12.7 4086
12.7 4087
12.7 4088
12.7 4089
12.7 4090
12.7 4091
12.7 4092
12.7 4093
12.7 4094
12.7 4095
12.7 4096
12.7 4097
12.7 4098
12.7 4099
12.7 4100
12.7 4101
12.7 4102
12.7 4103
12.7 4104
12.7 4105
12.7 4106
12.7 4107
12.7 4108
12.7 4109
12.7 4110
12.7 4111
12.7 4112
12.7 4113
12.7 4114
12.7 4115
12.7 4116
12.7 4117
12.7 4118
12.7 4119
12.7 4120
12.7 4121
12.7 4122
12.7 4123
12.7 4124
12.7 4125
12.7 4126
12.7 4127
12.7 4128
12.7 4129
12.7 4130
12.7 4131
12.7 4132
12.7 4133
12.7 4134
12.7 4135
12.7 4136
12.7 4137
12.7 4138
12.7 4139
12.7 4140
12.7 4141
12.7 4142
12.7 4143
12.7 4144
12.7 4145
12.7 4146
12.7 4147
12.7 4148
12.7 4149
12.7 4150
12.7 4151
12.7 4152
12.7 4153
12.7 4154
12.7 4155
12.7 4156
12.7 4157
12.7 4158
12.7 4159
12.7 4160
12.7 4161
12.7 4162
12.7 4163
12.7 4164
12.7 4165
12.7 4166
12.7 4167
12.7 4168
12.7 4169
12.7 4170
12.7 4171
12.7 4172
12.7 4173
12.7 4174
12.7 4175
12.7 4176
12.7 4177
12.7 4178
12.7 4179
12.7 4180
12.7 4181
12.7 4182
12.7 4183
12.7 4184
12.7 4185
12.7 4186
12.7 4187
12.7 4188
12.7 4189
12.7 4190
12.7 4191
12.7 4192
12.7 4193
12.7 4194
12.7 4195
12.7 4196
12.7 4197
12.7 4198
12.7 4199
12.7 4200
12.7 4201
12.7 4202
12.7 4203
12.7 4204
12.7 4205
12.7 4206
12.7 4207
12.7 4208
12.7 4209
12.7 4210
12.7 4211
12.7 4212
12.7 4213
12.7 4214
12.7 4215
12.7 4216
12.7 4217
12.7 4218
12.7 4219
12.7 4220
12.7 4221
12.7 4222
12.7 4223
12.7 4224
12.7 4225
12.7 4226
12.7 4227
12.7 4228
12.7 4229
12.7 4230
12.7 4231
12.7 4232
12.7 4233
12.7 4234
12.7 4235
12.7 4236
12.7 4237
12.7 4238
12.7 4239
12.7 4240
12.7 4241
12.7 4242
12.7 4243
12.7 4244
12.7 4245
12.7 4246
12.7 4247
12.7 4248
12.7 4249
12.7 4250
12.7 4251
12.7 4252
12.7 4253
12.7 4254
12.7 4255
12.7 4256
12.7 4257
12.7 4258
12.7 4259
12.7 4260
12.7 4261
12.7 4262
12.7 4263
12.7 4264
12.7 4265
12.7 4266
12.7 4267
12.7 4268
12.7 4269
12.7 4270
12.7 4271
12.7 4272
12.7 4273
12.7 4274
12.7 4275
12.7 4276
12.7 4277
12.7 4278
12.7 4279
12.7 4280
12.7 4281
12.7 4282
12.7 4283
12.7 4284
12.7 4285
12.7 4286
12.7 4287
12.7 4288
12.7 4289
12.7 4290
12.7 4291
12.7 4292
12.7 4293
12.7 4294
12.7 4295
12.7 4296
12.7 4297
12.7 4298
12.7 4299
12.7 4300
12.7 4301
12.7 4302
12.7 4303
12.7 4304
12.7 4305
12.7 4306
12.7 4307
12.7 4308
12.7 4309
12.7 4310
12.7 4311
12.7 4312
12.7 4313
12.7 4314
12.7 4315
12.7 4316
12.7 4317
12.7 4318
12.7 4319
12.7 4320
12.7 4321
12.7 4322
12.7 4323
12.7 4324
12.7 4325
12.7 4326
12.7 4327
12.7 4328
12.7 4329
12.7 4330
12.7 4331
12.7 4332
12.7 4333
12.7 4334
12.7 4335
12.7 4336
12.7 4337
12.7 4338
12.7 4339
12.7 4340
12.7 4341
12.7 4342
12.7 4343
12.7 4344
12.7 4345
12.7 4346
12.7 4347
12.7 4348
12.7 4349
12.7 4350
12.7 4351
12.7 4352
12.7 4353
12.7 4354
12.7 4355
12.7 4356
12.7 4357
12.7 4358
12.7 4359
12.7 4360
12.7 4361
12.7 4362
12.8 4363
12.8 4364
12.8 4365
12.8 4366
12.8 4367
12.8 4368
12.8 4369
12.8 4370
12.8 4371
12.8 4372
12.8 4373
12.8 4374
12.8 4375
12.8 4376
12.8 4377
12.8 4378
12.8 4379
12.8 4380
12.8 4381
12.8 4382
12.8 4383
12.8 4384
12.8 4385
12.8 4386
12.8 4387
12.8 4388
12.8 4389
12.8 4390
12.8 4391
12.8 4392
12.8 4393
12.8 4394
12.8 4395
12.8 4396
12.8 4397
12.8 4398
12.8 4399
12.8 4400
12.8 4401
12.8 4402
12.8 4403
12.8 4404
12.8 4405
12.8 4406
12.8 4407
12.8 4408
12.8 4409
12.8 4410
12.8 4411
12.8 4412
12.8 4413
12.8 4414
12.8 4415
12.8 4416
12.8 4417
12.8 4418
12.8 4419
12.8 4420
12.8 4421
12.8 4422
12.8 4423
12.8 4424
12.8 4425
12.8 4426
12.8 4427
12.8 4428
12.8 4429
12.8 4430
12.8 4431
12.8 4432
12.8 4433
12.8 4434
12.8 4435
12.8 4436
12.8 4437
12.8 4438
12.8 4439
12.8 4440
12.8 4441
12.8 4442
12.8 4443
12.8 4444
12.8 4445
12.8 4446
12.8 4447
12.8 4448
12.8 4449
12.8 4450
12.8 4451
12.8 4452
12.8 4453
12.8 4454
12.8 4455
12.8 4456
12.8 4457
12.8 4458
12.8 4459
12.8 4460
12.8 4461
12.8 4462
12.8 4463
12.8 4464
12.8 4465
12.8 4466
12.8 4467
12.8 4468
12.8 4469
12.8 4470
12.8 4471
12.8 4472
12.8 4473
12.8 4474
12.8 4475
12.8 4476
12.8 4477
12.8 4478
12.8 4479
12.8 4480
12.8 4481
12.8 4482
12.8 4483
12.8 4484
12.8 4485
12.8 4486
12.8 4487
12.8 4488
12.8 4489
12.8 4490
12.8 4491
12.8 4492
12.8 4493
12.8 4494
12.8 4495
12.8 4496
12.8 4497
12.8 4498
12.8 4499
12.8 4500
12.8 4501
12.8 4502
12.8 4503
12.8 4504
12.8 4505
12.8 4506
12.8 4507
12.8 4508
12.8 4509
12.8 4510
12.8 4511
12.8 4512
12.8 4513
12.8 4514
12.8 4515
12.8 4516
12.8 4517
12.8 4518
12.8 4519
12.8 4520
12.8 4521
12.8 4522
12.8 4523
12.8 4524
12.8 4525
12.8 4526
12.8 4527
12.8 4528
12.8 4529
12.8 4530
12.8 4531
12.8 4532
12.8 4533
12.8 4534
12.8 4535
12.8 4536
12.8 4537
12.8 4538
12.8 4539
12.8 4540
12.8 4541
12.8 4542
12.8 4543
12.8 4544
12.8 4545
12.8 4546
12.8 4547
12.8 4548
12.8 4549
12.8 4550
12.8 4551
12.8 4552
12.8 4553
12.8 4554
12.8 4555
12.8 4556
12.8 4557
12.8 4558
12.8 4559
12.8 4560
12.8 4561
12.8 4562
12.8 4563
12.8 4564
12.8 4565
12.8 4566
12.8 4567
12.8 4568
12.8 4569
12.8 4570
12.8 4571
12.8 4572
12.8 4573
12.8 4574
12.8 4575
12.8 4576
12.8 4577
12.8 4578
12.8 4579
12.8 4580
12.8 4581
12.8 4582
12.8 4583
12.8 4584
12.8 4585
12.8 4586
12.8 4587
12.8 4588
12.8 4589
12.8 4590
12.8 4591
12.8 4592
12.8 4593
12.8 4594
12.8 4595
12.8 4596
12.8 4597
12.8 4598
12.8 4599
12.8 4600
12.8 4601
12.8 4602
12.8 4603
12.8 4604
12.8 4605
12.8 4606
12.8 4607
12.8 4608
12.8 4609
12.8 4610
12.8 4611
12.8 4612
12.8 4613
12.8 4614
12.8 4615
12.8 4616
12.8 4617
12.8 4618
12.8 4619
12.8 4620
12.8 4621
12.8 4622
12.8 4623
12.8 4624
12.8 4625
12.8 4626
12.8 4627
12.8 4628
12.8 4629
12.8 4630
12.8 4631
12.8 4632
12.8 4633
12.8 4634
12.8 4635
12.8 4636
12.8 4637
12.8 4638
12.8 4639
12.8 4640
12.8 4641
12.8 4642
12.9 4643
12.9 4644
12.9 4645
12.9 4646
12.9 4647
12.9 4648
12.9 4649
12.9 4650
12.9 4651
12.9 4652
12.9 4653
12.9 4654
12.9 4655
12.9 4656
12.9 4657
12.9 4658
12.9 4659
12.9 4660
12.9 4661
12.9 4662
12.9 4663
12.9 4664
12.9 4665
12.9 4666
12.9 4667
12.9 4668
12.9 4669
12.9 4670
12.9 4671
12.9 4672
12.9 4673
12.9 4674
12.9 4675
12.9 4676
12.9 4677
12.9 4678
12.9 4679
12.9 4680
12.9 4681
12.9 4682
12.9 4683
12.9 4684
12.9 4685
12.9 4686
12.9 4687
12.9 4688
12.9 4689
12.9 4690
12.9 4691
12.9 4692
12.9 4693
12.9 4694
12.9 4695
12.9 4696
12.9 4697
12.9 4698
12.9 4699
12.9 4700
12.9 4701
12.9 4702
12.9 4703
12.9 4704
12.9 4705
12.9 4706
12.9 4707
12.9 4708
12.9 4709
12.9 4710
12.9 4711
12.9 4712
12.9 4713
12.9 4714
12.9 4715
12.9 4716
12.9 4717
12.9 4718
12.9 4719
12.9 4720
12.9 4721
12.9 4722
12.9 4723
12.9 4724
12.9 4725
12.9 4726
12.9 4727
12.9 4728
12.9 4729
12.9 4730
12.9 4731
12.9 4732
12.9 4733
12.9 4734
12.9 4735
12.9 4736
12.9 4737
12.9 4738
12.9 4739
12.9 4740
12.9 4741
12.9 4742
12.9 4743
12.9 4744
12.9 4745
12.9 4746
12.9 4747
12.9 4748
12.9 4749
12.9 4750
12.9 4751
12.9 4752
12.9 4753
12.9 4754
12.9 4755
12.9 4756
12.9 4757
12.9 4758
12.9 4759
12.9 4760
12.9 4761
12.9 4762
12.9 4763
12.9 4764
12.9 4765
12.9 4766
12.9 4767
12.9 4768
12.9 4769
12.9 4770
12.9 4771
12.9 4772
12.9 4773
12.9 4774
12.9 4775
12.9 4776
12.9 4777
12.9 4778
12.9 4779
12.9 4780
12.9 4781
12.9 4782
12.9 4783
12.9 4784
12.9 4785
12.9 4786
12.9 4787
12.9 4788
12.9 4789
12.9 4790
12.9 4791
12.9 4792
12.9 4793
12.9 4794
12.9 4795
12.9 4796
12.9 4797
12.9 4798
12.9 4799
12.9 4800
12.9 4801
12.9 4802
12.9 4803
12.9 4804
12.9 4805
12.9 4806
12.9 4807
12.9 4808
12.9 4809
12.9 4810
12.9 4811
12.9 4812
12.9 4813
12.9 4814
12.9 4815
12.9 4816
12.9 4817
12.9 4818
12.9 4819
12.9 4820
12.9 4821
12.9 4822
12.9 4823
12.9 4824
12.9 4825
12.9 4826
12.9 4827
12.9 4828
12.9 4829
12.9 4830
12.9 4831
12.9 4832
12.9 4833
12.9 4834
12.9 4835
12.9 4836
12.9 4837
12.9 4838
12.9 4839
12.9 4840
12.9 4841
12.9 4842
12.9 4843
12.9 4844
12.9 4845
12.9 4846
12.9 4847
12.9 4848
12.9 4849
12.9 4850
12.9 4851
12.9 4852
12.9 4853
12.9 4854
12.9 4855
12.9 4856
12.9 4857
12.9 4858
12.9 4859
12.9 4860
12.9 4861
12.9 4862
12.9 4863
12.9 4864
12.9 4865
12.9 4866
12.9 4867
12.9 4868
12.9 4869
12.9 4870
12.9 4871
12.9 4872
12.9 4873
12.9 4874
12.9 4875
12.9 4876
12.9 4877
12.9 4878
12.9 4879
12.9 4880
12.9 4881
12.9 4882
12.9 4883
12.9 4884
12.9 4885
12.9 4886
12.9 4887
12.9 4888
12.9 4889
12.9 4890
12.9 4891
12.9 4892
12.9 4893
12.9 4894
12.9 4895
12.9 4896
12.9 4897
13.0 4898
13.0 4899
13.0 4900
13.0 4901
13.0 4902
13.0 4903
13.0 4904
13.0 4905
13.0 4906
13.0 4907
13.0 4908
13.0 4909
13.0 4910
13.0 4911
13.0 4912
13.0 4913
13.0 4914
13.0 4915
13.0 4916
13.0 4917
13.0 4918
13.0 4919
13.0 4920
13.0 4921
13.0 4922
13.0 4923
13.0 4924
13.0 4925
13.0 4926
13.0 4927
13.0 4928
13.0 4929
13.0 4930
13.0 4931
13.0 4932
13.0 4933
13.0 4934
13.0 4935
13.0 4936
13.0 4937
13.0 4938
13.0 4939
13.0 4940
13.0 4941
13.0 4942
13.0 4943
13.0 4944
13.0 4945
13.0 4946
13.0 4947
13.0 4948
13.0 4949
13.0 4950
13.0 4951
13.0 4952
13.0 4953
13.0 4954
13.0 4955
13.0 4956
13.0 4957
13.0 4958
13.0 4959
13.0 4960
13.0 4961
13.0 4962
13.0 4963
13.0 4964
13.0 4965
13.0 4966
13.0 4967
13.0 4968
13.0 4969
13.0 4970
13.0 4971
13.0 4972
13.0 4973
13.0 4974
13.0 4975
13.0 4976
13.0 4977
13.0 4978
13.0 4979
13.0 4980
13.0 4981
13.0 4982
13.0 4983
13.0 4984
13.0 4985
13.0 4986
13.0 4987
13.0 4988
13.0 4989
13.0 4990
13.0 4991
13.0 4992
13.0 4993
13.0 4994
13.0 4995
13.0 4996
13.0 4997
13.0 4998
13.0 4999
13.0 5000
13.0 5001
13.0 5002
13.0 5003
13.0 5004
13.0 5005
13.0 5006
13.0 5007
13.0 5008
13.0 5009
13.0 5010
13.0 5011
13.0 5012
13.0 5013
13.0 5014
13.0 5015
13.0 5016
13.0 5017
13.0 5018
13.0 5019
13.0 5020
13.0 5021
13.0 5022
13.0 5023
13.0 5024
13.0 5025
13.0 5026
13.0 5027
13.0 5028
13.0 5029
13.0 5030
13.0 5031
13.0 5032
13.0 5033
13.0 5034
13.0 5035
13.0 5036
13.0 5037
13.0 5038
13.0 5039
13.0 5040
13.0 5041
13.0 5042
13.0 5043
13.0 5044
13.0 5045
13.0 5046
13.0 5047
13.0 5048
13.0 5049
13.0 5050
13.0 5051
13.0 5052
13.0 5053
13.0 5054
13.0 5055
13.0 5056
13.0 5057
13.0 5058
13.0 5059
13.0 5060
13.0 5061
13.0 5062
13.0 5063
13.0 5064
13.0 5065
13.0 5066
13.0 5067
13.0 5068
13.0 5069
13.0 5070
13.0 5071
13.0 5072
13.0 5073
13.0 5074
13.0 5075
13.0 5076
13.0 5077
13.0 5078
13.0 5079
13.0 5080
13.0 5081
13.0 5082
13.0 5083
13.0 5084
13.0 5085
13.0 5086
13.0 5087
13.0 5088
13.0 5089
13.0 5090
13.0 5091
13.0 5092
13.0 5093
13.0 5094
13.0 5095
13.0 5096
13.0 5097
13.0 5098
13.0 5099
13.0 5100
13.0 5101
13.0 5102
13.0 5103
13.0 5104
13.0 5105
13.0 5106
13.0 5107
13.0 5108
13.0 5109
13.0 5110
13.0 5111
13.0 5112
13.0 5113
13.0 5114
13.0 5115
13.0 5116
13.0 5117
13.0 5118
13.0 5119
13.0 5120
13.0 5121
13.0 5122
13.0 5123
13.0 5124
13.0 5125
13.0 5126
13.0 5127
13.0 5128
13.0 5129
13.0 5130
13.0 5131
13.0 5132
13.0 5133
13.0 5134
13.0 5135
13.0 5136
13.0 5137
13.0 5138
13.0 5139
13.0 5140
13.0 5141
13.0 5142
13.0 5143
13.0 5144
13.0 5145
13.0 5146
13.0 5147
13.0 5148
13.0 5149
13.0 5150
13.0 5151
13.0 5152
13.0 5153
13.0 5154
13.0 5155
13.0 5156
13.0 5157
13.0 5158
13.0 5159
13.0 5160
13.0 5161
13.0 5162
13.0 5163
13.0 5164
13.0 5165
13.0 5166
13.0 5167
13.0 5168
13.0 5169
13.0 5170
13.0 5171
13.0 5172
13.0 5173
13.0 5174
13.0 5175
13.0 5176
13.0 5177
13.0 5178
13.0 5179
13.0 5180
13.0 5181
13.0 5182
13.0 5183
13.0 5184
13.0 5185
13.0 5186
13.0 5187
13.0 5188
13.0 5189
13.0 5190
13.0 5191
13.0 5192
13.0 5193
13.0 5194
13.0 5195
13.0 5196
13.0 5197
13.0 5198
13.0 5199
13.0 5200
13.0 5201
13.0 5202
13.0 5203
13.0 5204
13.0 5205
13.0 5206
13.0 5207
13.0 5208
13.0 5209
13.0 5210
13.0 5211
13.0 5212
13.0 5213
13.0 5214
13.0 5215
13.0 5216
13.0 5217
13.0 5218
13.0 5219
13.0 5220
13.1 5221
13.1 5222
13.1 5223
13.1 5224
13.1 5225
13.1 5226
13.1 5227
13.1 5228
13.1 5229
13.1 5230
13.1 5231
13.1 5232
13.1 5233
13.1 5234
13.1 5235
13.1 5236
13.1 5237
13.1 5238
13.1 5239
13.1 5240
13.1 5241
13.1 5242
13.1 5243
13.1 5244
13.1 5245
13.1 5246
13.1 5247
13.1 5248
13.1 5249
13.1 5250
13.1 5251
13.1 5252
13.1 5253
13.1 5254
13.1 5255
13.1 5256
13.1 5257
13.1 5258
13.1 5259
13.1 5260
13.1 5261
13.1 5262
13.1 5263
13.1 5264
13.1 5265
13.1 5266
13.1 5267
13.1 5268
13.1 5269
13.1 5270
13.1 5271
13.1 5272
13.1 5273
13.1 5274
13.1 5275
13.1 5276
13.1 5277
13.1 5278
13.1 5279
13.1 5280
13.1 5281
13.1 5282
13.1 5283
13.1 5284
13.1 5285
13.1 5286
13.1 5287
13.1 5288
13.1 5289
13.1 5290
13.1 5291
13.1 5292
13.1 5293
13.1 5294
13.1 5295
13.1 5296
13.1 5297
13.1 5298
13.1 5299
13.1 5300
13.1 5301
13.1 5302
13.1 5303
13.1 5304
13.1 5305
13.1 5306
13.1 5307
13.1 5308
13.1 5309
13.1 5310
13.1 5311
13.1 5312
13.1 5313
13.1 5314
13.1 5315
13.1 5316
13.1 5317
13.1 5318
13.1 5319
13.1 5320
13.1 5321
13.1 5322
13.1 5323
13.1 5324
13.1 5325
13.1 5326
13.1 5327
13.1 5328
13.1 5329
13.1 5330
13.1 5331
13.1 5332
13.1 5333
13.1 5334
13.1 5335
13.1 5336
13.1 5337
13.1 5338
13.1 5339
13.1 5340
13.1 5341
13.1 5342
13.1 5343
13.1 5344
13.1 5345
13.1 5346
13.1 5347
13.1 5348
13.1 5349
13.1 5350
13.1 5351
13.1 5352
13.1 5353
13.1 5354
13.1 5355
13.1 5356
13.1 5357
13.1 5358
13.1 5359
13.1 5360
13.1 5361
13.1 5362
13.1 5363
13.1 5364
13.1 5365
13.1 5366
13.1 5367
13.1 5368
13.1 5369
13.1 5370
13.1 5371
13.1 5372
13.1 5373
13.1 5374
13.1 5375
13.1 5376
13.1 5377
13.1 5378
13.1 5379
13.1 5380
13.1 5381
13.1 5382
13.1 5383
13.1 5384
13.1 5385
13.1 5386
13.1 5387
13.1 5388
13.1 5389
13.1 5390
13.1 5391
13.1 5392
13.1 5393
13.1 5394
13.1 5395
13.1 5396
13.1 5397
13.1 5398
13.1 5399
13.1 5400
13.1 5401
13.1 5402
13.1 5403
13.1 5404
13.1 5405
13.1 5406
13.1 5407
13.1 5408
13.1 5409
13.1 5410
13.1 5411
13.1 5412
13.1 5413
13.1 5414
13.1 5415
13.1 5416
13.1 5417
13.1 5418
13.1 5419
13.1 5420
13.1 5421
13.1 5422
13.1 5423
13.1 5424
13.1 5425
13.1 5426
13.1 5427
13.1 5428
13.1 5429
13.1 5430
13.1 5431
13.1 5432
13.1 5433
13.1 5434
13.1 5435
13.1 5436
13.1 5437
13.1 5438
13.1 5439
13.1 5440
13.1 5441
13.1 5442
13.1 5443
13.1 5444
13.1 5445
13.1 5446
13.1 5447
13.1 5448
13.1 5449
13.1 5450
13.1 5451
13.1 5452
13.1 5453
13.1 5454
13.1 5455
13.1 5456
13.1 5457
13.1 5458
13.1 5459
13.1 5460
13.1 5461
13.1 5462
13.1 5463
13.1 5464
13.1 5465
13.1 5466
13.1 5467
13.1 5468
13.1 5469
13.1 5470
13.1 5471
13.1 5472
13.1 5473
13.1 5474
13.1 5475
13.1 5476
13.1 5477
13.1 5478
13.1 5479
13.1 5480
13.1 5481
13.1 5482
13.1 5483
13.1 5484
13.1 5485
13.1 5486
13.1 5487
13.1 5488
13.1 5489
13.1 5490
13.1 5491
13.1 5492
13.1 5493
13.1 5494
13.1 5495
13.1 5496
13.1 5497
13.1 5498
13.1 5499
13.1 5500
13.1 5501
13.1 5502
13.1 5503
13.1 5504
13.1 5505
13.1 5506
13.1 5507
13.1 5508
13.1 5509
13.1 5510
13.1 5511
13.1 5512
13.1 5513
13.1 5514
13.1 5515
13.1 5516
13.1 5517
13.1 5518
13.1 5519
13.1 5520
13.1 5521
13.1 5522
13.1 5523
13.1 5524
13.1 5525
13.1 5526
13.1 5527
13.1 5528
13.1 5529
13.1 5530
13.1 5531
13.1 5532
13.1 5533
13.1 5534
13.1 5535
13.1 5536
13.1 5537
13.1 5538
13.1 5539
13.1 5540
13.1 5541
13.1 5542
13.1 5543
13.1 5544
13.1 5545
13.1 5546
13.1 5547
13.1 5548
13.1 5549
13.1 5550
13.1 5551
13.1 5552
13.1 5553
13.1 5554
13.1 5555
13.1 5556
13.1 5557
13.1 5558
13.1 5559
13.1 5560
13.1 5561
13.1 5562
13.1 5563
13.1 5564
13.1 5565
13.1 5566
13.1 5567
13.1 5568
13.1 5569
13.1 5570
13.1 5571
13.1 5572
13.1 5573
13.1 5574
13.1 5575
13.1 5576
13.1 5577
13.1 5578
13.1 5579
13.1 5580
13.1 5581
13.1 5582
13.1 5583
13.1 5584
13.1 5585
13.1 5586
13.1 5587
13.1 5588
13.1 5589
13.1 5590
13.1 5591
13.1 5592
13.1 5593
13.1 5594
13.1 5595
13.1 5596
13.1 5597
13.1 5598
13.1 5599
13.1 5600
13.1 5601
13.1 5602
13.1 5603
13.1 5604
13.1 5605
13.1 5606
13.1 5607
13.1 5608
13.1 5609
13.1 5610
13.1 5611
13.1 5612
13.1 5613
13.1 5614
13.1 5615
13.1 5616
13.1 5617
13.1 5618
13.1 5619
13.1 5620
13.1 5621
13.1 5622
13.1 5623
13.1 5624
13.1 5625
13.1 5626
13.1 5627
13.1 5628
13.1 5629
13.1 5630
13.1 5631
13.1 5632
13.1 5633
13.1 5634
13.1 5635
13.1 5636
13.1 5637
13.1 5638
13.1 5639
13.1 5640
13.1 5641
13.1 5642
13.1 5643
13.1 5644
13.1 5645
13.1 5646
13.1 5647
13.1 5648
13.1 5649
13.1 5650
13.1 5651
13.1 5652
13.1 5653
13.1 5654
13.1 5655
13.1 5656
13.1 5657
13.1 5658
13.1 5659
13.1 5660
13.1 5661
13.1 5662
13.1 5663
13.1 5664
13.1 5665
13.1 5666
13.1 5667
13.1 5668
13.1 5669
13.1 5670
13.1 5671
13.1 5672
13.1 5673
13.1 5674
13.1 5675
13.1 5676
13.1 5677
13.1 5678
13.1 5679
13.1 5680
13.1 5681
13.1 5682
13.1 5683
13.1 5684
13.1 5685
13.1 5686
13.1 5687
13.1 5688
13.1 5689
13.1 5690
13.1 5691
13.1 5692
13.1 5693
13.1 5694
13.1 5695
13.1 5696
13.1 5697
13.1 5698
13.1 5699
13.1 5700
13.1 5701
13.1 5702
13.1 5703
13.1 5704
13.1 5705
13.1 5706
13.1 5707
13.1 5708
13.1 5709
13.1 5710
13.1 5711
13.1 5712
13.1 5713
13.1 5714
13.1 5715
13.1 5716
13.1 5717
13.1 5718
13.1 5719
13.1 5720
13.1 5721
13.1 5722
13.1 5723
13.1 5724
13.1 5725
13.1 5726
13.1 5727
13.1 5728
13.1 5729
13.1 5730
13.1 5731
13.1 5732
13.1 5733
13.1 5734
13.1 5735
13.1 5736
13.1 5737
13.1 5738
13.1 5739
13.1 5740
13.1 5741
13.1 5742
13.1 5743
13.1 5744
13.1 5745
13.1 5746
13.1 5747
13.1 5748
13.1 5749
13.1 5750
13.1 5751
13.1 5752
13.1 5753
13.1 5754
13.1 5755
13.1 5756
13.1 5757
13.1 5758
13.1 5759
13.1 5760
13.1 5761
13.1 5762
13.1 5763
13.1 5764
13.1 5765
13.1 5766
13.1 5767
13.1 5768
13.1 5769
13.1 5770
13.1 5771
13.1 5772
13.1 5773
13.1 5774
13.1 5775
13.1 5776
13.1 5777
13.1 5778
13.1 5779
13.1 5780
13.1 5781
13.1 5782
13.1 5783
13.1 5784
13.1 5785
13.1 5786
13.1 5787
13.1 5788
13.1 5789
13.1 5790
13.1 5791
13.1 5792
13.1 5793
13.1 5794
13.1 5795
13.1 5796
13.1 5797
13.1 5798
13.1 5799
13.1 5800
13.1 5801
13.1 5802
13.1 5803
13.1 5804
13.1 5805
13.1 5806
13.1 5807
13.1 5808
13.1 5809
13.1 5810
13.1 5811
13.1 5812
13.1 5813
13.1 5814
13.1 5815
13.1 5816
13.1 5817
13.1 5818
13.1 5819
13.1 5820
13.1 5821
13.1 5822
13.1 5823
13.1 5824
13.1 5825
13.1 5826
13.1 5827
13.1 5828
13.1 5829
13.1 5830
13.1 5831
13.1 5832
13.1 5833
13.1 5834
13.1 5835
13.1 5836
13.1 5837
13.1 5838
13.1 5839
13.1 5840
13.1 5841
13.1 5842
13.1 5843
13.1 5844
13.1 5845
13.1 5846
13.1 5847
13.1 5848
13.1 5849
13.1 5850
13.1 5851
13.1 5852
13.1 5853
13.1 5854
13.1 5855
13.1 5856
13.1 5857
13.1 5858
13.1 5859
13.1 5860
13.1 5861
13.1 5862
13.1 5863
13.1 5864
13.1 5865
13.1 5866
13.1 5867
13.1 5868
13.1 5869
13.1 5870
13.1 5871
13.1 5872
13.1 5873
13.1 5874
13.1 5875
13.1 5876
13.1 5877
13.1 5878
13.1 5879
13.1 5880
13.1 5881
13.1 5882
13.1 5883
13.1 5884
13.1 5885
13.1 5886
13.1 5887
13.1 5888
13.1 5889
13.1 5890
13.1 5891
13.1 5892
13.1 5893
13.1 5894
13.1 5895
13.1 5896
13.1 5897
13.1 5898
13.1 5899
13.1 5900
13.1 5901
13.1 5902
13.1 5903
13.1 5904
13.1 5905
13.1 5906
13.1 5907
13.1 5908
13.1 5909
13.1 5910
13.1 5911
13.1 5912
13.1 5913
13.1 5914
13.1 5915
13.1 5916
13.1 5917
13.1 5918
13.1 5919
13.1 5920
13.1 5921
13.1 5922
13.1 5923
13.1 5924
13.1 5925
13.1 5926
13.1 5927
13.1 5928
13.1 5929
13.1 5930
13.1 5931
13.1 5932
13.1 5933
13.1 5934
13.1 5935
13.1 5936
13.1 5937
13.1 5938
13.1 5939
13.1 5940
13.1 5941
13.1 5942
13.1 5943
13.1 5944
13.2 5945
13.2 5946
13.2 5947
13.2 5948
13.2 5949
13.2 5950
13.2 5951
13.2 5952
13.2 5953
13.2 5954
13.2 5955
13.2 5956
13.2 5957
13.2 5958
13.2 5959
13.2 5960
13.2 5961
13.2 5962
13.2 5963
13.2 5964
13.2 5965
13.2 5966
13.2 5967
13.2 5968
13.2 5969
13.2 5970
13.2 5971
13.2 5972
13.2 5973
13.2 5974
13.2 5975
13.2 5976
13.2 5977
13.2 5978
13.2 5979
13.2 5980
13.2 5981
13.2 5982
13.2 5983
13.2 5984
13.2 5985
13.2 5986
13.2 5987
13.2 5988
13.2 5989
13.2 5990
13.2 5991
13.2 5992
13.2 5993
13.2 5994
13.2 5995
13.2 5996
13.2 5997
13.2 5998
13.2 5999
13.2 6000
13.2 6001
13.2 6002
13.2 6003
13.2 6004
13.2 6005
13.2 6006
13.2 6007
13.2 6008
13.2 6009
13.2 6010
13.2 6011
13.2 6012
13.2 6013
13.2 6014
13.2 6015
13.2 6016
13.2 6017
13.2 6018
13.2 6019
13.2 6020
13.2 6021
13.2 6022
13.2 6023
13.2 6024
13.2 6025
13.2 6026
13.2 6027
13.2 6028
13.2 6029
13.2 6030
13.2 6031
13.2 6032
13.2 6033
13.2 6034
13.2 6035
13.2 6036
13.2 6037
13.2 6038
13.2 6039
13.2 6040
13.2 6041
13.2 6042
13.2 6043
13.2 6044
13.2 6045
13.2 6046
13.2 6047
13.2 6048
13.2 6049
13.2 6050
13.2 6051
13.2 6052
13.2 6053
13.2 6054
13.2 6055
13.2 6056
13.2 6057
13.2 6058
13.2 6059
13.2 6060
13.2 6061
13.2 6062
13.2 6063
13.2 6064
13.2 6065
13.2 6066
13.2 6067
13.2 6068
13.2 6069
13.2 6070
13.2 6071
13.2 6072
13.2 6073
13.2 6074
13.2 6075
13.2 6076
13.2 6077
13.2 6078
13.2 6079
13.2 6080
13.2 6081
13.2 6082
13.2 6083
13.2 6084
13.2 6085
13.2 6086
13.2 6087
13.2 6088
13.2 6089
13.2 6090
13.2 6091
13.2 6092
13.2 6093
13.2 6094
13.2 6095
13.2 6096
13.2 6097
13.2 6098
13.2 6099
13.2 6100
13.2 6101
13.2 6102
13.2 6103
13.2 6104
13.2 6105
13.2 6106
13.2 6107
13.2 6108
13.2 6109
13.2 6110
13.2 6111
13.2 6112
13.2 6113
13.2 6114
13.2 6115
13.2 6116
13.2 6117
13.2 6118
13.2 6119
13.2 6120
13.2 6121
13.2 6122
13.2 6123
13.2 6124
13.2 6125
13.2 6126
13.2 6127
13.2 6128
13.2 6129
13.2 6130
13.2 6131
13.2 6132
13.2 6133
13.2 6134
13.2 6135
13.2 6136
13.2 6137
13.2 6138
13.2 6139
13.2 6140
13.2 6141
13.2 6142
13.2 6143
13.2 6144
13.2 6145
13.2 6146
13.2 6147
13.2 6148
13.2 6149
13.2 6150
13.2 6151
13.2 6152
13.2 6153
13.2 6154
13.2 6155
13.2 6156
13.2 6157
13.2 6158
13.2 6159
13.2 6160
13.2 6161
13.2 6162
13.2 6163
13.2 6164
13.2 6165
13.2 6166
13.2 6167
13.2 6168
13.2 6169
13.2 6170
13.2 6171
13.2 6172
13.2 6173
13.2 6174
13.2 6175
13.2 6176
13.2 6177
13.2 6178
13.2 6179
13.2 6180
13.2 6181
13.2 6182
13.2 6183
13.2 6184
13.2 6185
13.2 6186
13.2 6187
13.2 6188
13.2 6189
13.2 6190
13.2 6191
13.2 6192
13.2 6193
13.2 6194
13.2 6195
13.2 6196
13.2 6197
13.2 6198
13.2 6199
13.2 6200
13.2 6201
13.2 6202
13.2 6203
13.2 6204
13.2 6205
13.2 6206
13.2 6207
13.2 6208
13.2 6209
13.2 6210
13.2 6211
13.2 6212
13.2 6213
13.2 6214
13.2 6215
13.2 6216
13.2 6217
13.2 6218
13.2 6219
13.2 6220
13.2 6221
13.2 6222
13.2 6223
13.2 6224
13.2 6225
13.2 6226
13.2 6227
13.2 6228
13.2 6229
13.2 6230
13.2 6231
13.2 6232
13.2 6233
13.2 6234
13.2 6235
13.2 6236
13.2 6237
13.2 6238
13.2 6239
13.2 6240
13.2 6241
13.2 6242
13.2 6243
13.2 6244
13.2 6245
13.2 6246
13.2 6247
13.2 6248
13.2 6249
13.2 6250
13.2 6251
13.2 6252
13.2 6253
13.2 6254
13.2 6255
13.2 6256
13.2 6257
13.2 6258
13.2 6259
13.2 6260
13.2 6261
13.2 6262
13.2 6263
13.2 6264
13.2 6265
13.2 6266
13.2 6267
13.2 6268
13.2 6269
13.2 6270
13.2 6271
13.2 6272
13.2 6273
13.2 6274
13.2 6275
13.2 6276
13.2 6277
13.2 6278
13.2 6279
13.2 6280
13.2 6281
13.2 6282
13.2 6283
13.2 6284
13.2 6285
13.2 6286
13.2 6287
13.2 6288
13.2 6289
13.2 6290
13.2 6291
13.2 6292
13.2 6293
13.2 6294
13.2 6295
13.2 6296
13.2 6297
13.2 6298
13.2 6299
13.2 6300
13.2 6301
13.2 6302
13.2 6303
13.2 6304
13.2 6305
13.2 6306
13.2 6307
13.2 6308
13.2 6309
13.2 6310
13.2 6311
13.2 6312
13.2 6313
13.2 6314
13.2 6315
13.2 6316
13.2 6317
13.2 6318
13.2 6319
13.2 6320
13.2 6321
13.2 6322
13.2 6323
13.2 6324
13.2 6325
13.2 6326
13.2 6327
13.2 6328
13.2 6329
13.2 6330
13.2 6331
13.2 6332
13.2 6333
13.2 6334
13.2 6335
13.2 6336
13.2 6337
13.2 6338
13.2 6339
13.2 6340
13.2 6341
13.2 6342
13.2 6343
13.2 6344
13.2 6345
13.2 6346
13.2 6347
13.2 6348
13.2 6349
13.2 6350
13.2 6351
13.2 6352
13.2 6353
13.2 6354
13.2 6355
13.2 6356
13.2 6357
13.2 6358
13.2 6359
13.2 6360
13.2 6361
13.2 6362
13.2 6363
13.2 6364
13.2 6365
13.2 6366
13.2 6367
13.2 6368
13.2 6369
13.2 6370
13.2 6371
13.2 6372
13.2 6373
13.2 6374
13.2 6375
13.2 6376
13.2 6377
13.2 6378
13.2 6379
13.2 6380
13.2 6381
13.2 6382
13.2 6383
13.2 6384
13.2 6385
13.2 6386
13.2 6387
13.2 6388
13.2 6389
13.2 6390
13.2 6391
13.2 6392
13.2 6393
13.2 6394
13.2 6395
13.2 6396
13.2 6397
13.2 6398
13.2 6399
13.2 6400
13.2 6401
13.2 6402
13.2 6403
13.2 6404
13.2 6405
13.2 6406
13.2 6407
13.2 6408
13.2 6409
13.2 6410
13.2 6411
13.2 6412
13.2 6413
13.2 6414
13.2 6415
13.2 6416
13.2 6417
13.2 6418
13.2 6419
13.2 6420
13.2 6421
13.2 6422
13.2 6423
13.2 6424
13.2 6425
13.2 6426
13.2 6427
13.2 6428
13.2 6429
13.2 6430
13.2 6431
13.2 6432
13.2 6433
13.2 6434
13.2 6435
13.2 6436
13.2 6437
13.2 6438
13.2 6439
13.2 6440
13.2 6441
13.2 6442
13.2 6443
13.2 6444
13.2 6445
13.2 6446
13.2 6447
13.2 6448
13.2 6449
13.2 6450
13.2 6451
13.2 6452
13.2 6453
13.2 6454
13.2 6455
13.2 6456
13.2 6457
13.2 6458
13.2 6459
13.2 6460
13.2 6461
13.2 6462
13.2 6463
13.2 6464
13.2 6465
13.2 6466
13.2 6467
13.2 6468
13.2 6469
13.2 6470
13.2 6471
13.2 6472
13.2 6473
13.2 6474
13.2 6475
13.2 6476
13.2 6477
13.2 6478
13.2 6479
13.2 6480
13.2 6481
13.2 6482
13.2 6483
13.2 6484
13.2 6485
13.2 6486
13.2 6487
13.2 6488
13.2 6489
13.2 6490
13.2 6491
13.2 6492
13.2 6493
13.2 6494
13.2 6495
13.2 6496
13.2 6497
13.2 6498
13.2 6499
13.2 6500
13.2 6501
13.2 6502
13.2 6503
13.2 6504
13.2 6505
13.2 6506
13.2 6507
13.2 6508
13.2 6509
13.2 6510
13.2 6511
13.2 6512
13.2 6513
13.2 6514
13.2 6515
13.2 6516
13.2 6517
13.2 6518
13.2 6519
13.2 6520
13.2 6521
13.2 6522
13.2 6523
13.2 6524
13.2 6525
13.2 6526
13.2 6527
13.2 6528
13.2 6529
13.2 6530
13.2 6531
13.2 6532
13.2 6533
13.2 6534
13.2 6535
13.2 6536
13.3 6537
13.3 6538
13.3 6539
13.3 6540
13.3 6541
13.3 6542
13.3 6543
13.3 6544
13.3 6545
13.3 6546
13.3 6547
13.3 6548
13.3 6549
13.3 6550
13.3 6551
13.3 6552
13.3 6553
13.3 6554
13.3 6555
13.3 6556
13.3 6557
13.3 6558
13.3 6559
13.3 6560
13.3 6561
13.3 6562
13.3 6563
13.3 6564
13.3 6565
13.3 6566
13.3 6567
13.3 6568
13.3 6569
13.3 6570
13.3 6571
13.3 6572
13.3 6573
13.3 6574
13.3 6575
13.3 6576
13.3 6577
13.3 6578
13.3 6579
13.3 6580
13.3 6581
13.3 6582
13.3 6583
13.3 6584
13.3 6585
13.3 6586
13.3 6587
13.3 6588
13.3 6589
13.3 6590
13.3 6591
13.3 6592
13.3 6593
13.3 6594
13.3 6595
13.3 6596
13.3 6597
13.3 6598
13.3 6599
13.3 6600
13.3 6601
13.3 6602
13.3 6603
13.3 6604
13.3 6605
13.3 6606
13.3 6607
13.3 6608
13.3 6609
13.3 6610
13.3 6611
13.3 6612
13.3 6613
13.3 6614
13.3 6615
13.3 6616
13.3 6617
13.3 6618
13.3 6619
13.3 6620
13.3 6621
13.3 6622
13.3 6623
13.3 6624
13.3 6625
13.3 6626
13.3 6627
13.3 6628
13.3 6629
13.3 6630
13.3 6631
13.3 6632
13.3 6633
13.3 6634
13.3 6635
13.3 6636
13.3 6637
13.3 6638
13.3 6639
13.3 6640
13.3 6641
13.3 6642
13.3 6643
13.3 6644
13.3 6645
13.3 6646
13.3 6647
13.3 6648
13.3 6649
13.3 6650
13.3 6651
13.3 6652
13.3 6653
13.3 6654
13.3 6655
13.3 6656
13.3 6657
13.3 6658
13.3 6659
13.3 6660
13.3 6661
13.3 6662
13.3 6663
13.3 6664
13.3 6665
13.3 6666
13.3 6667
13.3 6668
13.3 6669
13.3 6670
13.3 6671
13.3 6672
13.3 6673
13.3 6674
13.3 6675
13.3 6676
13.3 6677
13.3 6678
13.3 6679
13.3 6680
13.3 6681
13.3 6682
13.3 6683
13.3 6684
13.3 6685
13.3 6686
13.3 6687
13.3 6688
13.3 6689
13.3 6690
13.3 6691
13.3 6692
13.3 6693
13.3 6694
13.3 6695
13.3 6696
13.3 6697
13.3 6698
13.3 6699
13.3 6700
13.3 6701
13.3 6702
13.3 6703
13.3 6704
13.3 6705
13.3 6706
13.3 6707
13.3 6708
13.3 6709
13.3 6710
13.3 6711
13.3 6712
13.3 6713
13.3 6714
13.3 6715
13.3 6716
13.3 6717
13.3 6718
13.3 6719
13.3 6720
13.3 6721
13.3 6722
13.3 6723
13.3 6724
13.3 6725
13.3 6726
13.3 6727
13.3 6728
13.3 6729
13.3 6730
13.3 6731
13.3 6732
13.3 6733
13.3 6734
13.3 6735
13.3 6736
13.3 6737
13.3 6738
13.3 6739
13.3 6740
13.3 6741
13.3 6742
13.3 6743
13.3 6744
13.3 6745
13.3 6746
13.3 6747
13.3 6748
13.3 6749
13.3 6750
13.3 6751
13.3 6752
13.3 6753
13.3 6754
13.3 6755
13.3 6756
13.3 6757
13.3 6758
13.3 6759
13.3 6760
13.3 6761
13.3 6762
13.3 6763
13.3 6764
13.3 6765
13.3 6766
13.3 6767
13.3 6768
13.3 6769
13.3 6770
13.3 6771
13.3 6772
13.3 6773
13.3 6774
13.3 6775
13.3 6776
13.3 6777
13.3 6778
13.3 6779
13.3 6780
13.3 6781
13.3 6782
13.3 6783
13.3 6784
13.3 6785
13.3 6786
13.3 6787
13.3 6788
13.3 6789
13.3 6790
13.3 6791
13.3 6792
13.3 6793
13.3 6794
13.3 6795
13.3 6796
13.3 6797
13.3 6798
13.3 6799
13.3 6800
13.3 6801
13.3 6802
13.3 6803
13.3 6804
13.3 6805
13.3 6806
13.3 6807
13.4 6808
13.4 6809
13.4 6810
13.4 6811
13.4 6812
13.4 6813
13.4 6814
13.4 6815
13.4 6816
13.4 6817
13.4 6818
13.4 6819
13.4 6820
13.4 6821
13.4 6822
13.4 6823
13.4 6824
13.4 6825
13.4 6826
13.4 6827
13.4 6828
13.4 6829
13.4 6830
13.4 6831
13.4 6832
13.4 6833
13.4 6834
13.4 6835
13.4 6836
13.4 6837
13.4 6838
13.4 6839
13.4 6840
13.4 6841
13.4 6842
13.4 6843
13.4 6844
13.4 6845
13.4 6846
13.4 6847
13.4 6848
13.4 6849
13.4 6850
13.4 6851
13.4 6852
13.4 6853
13.4 6854
13.4 6855
13.4 6856
13.4 6857
13.4 6858
13.4 6859
13.4 6860
13.4 6861
13.4 6862
13.4 6863
13.4 6864
13.4 6865
13.4 6866
13.4 6867
13.4 6868
13.4 6869
13.4 6870
13.4 6871
13.4 6872
13.4 6873
13.4 6874
13.4 6875
13.4 6876
13.4 6877
13.4 6878
13.4 6879
13.4 6880
13.4 6881
13.4 6882
13.4 6883
13.4 6884
13.4 6885
13.4 6886
13.4 6887
13.4 6888
13.4 6889
13.5 6890
13.5 6891
13.5 6892
13.5 6893
13.5 6894
13.5 6895
13.5 6896
13.5 6897
13.5 6898
13.5 6899
13.5 6900
13.5 6901
13.5 6902
13.5 6903
13.5 6904
13.5 6905
13.5 6906
13.5 6907
13.5 6908
13.5 6909
13.5 6910
13.5 6911
13.5 6912
13.5 6913
13.5 6914
13.5 6915
13.5 6916
13.5 6917
13.5 6918
13.5 6919
13.5 6920
13.5 6921
13.5 6922
13.5 6923
13.5 6924
13.5 6925
13.5 6926
13.5 6927
13.5 6928
13.5 6929
13.5 6930
13.5 6931
13.5 6932
13.5 6933
13.5 6934
13.5 6935
13.5 6936
13.5 6937
13.6 6938
13.6 6939
13.6 6940
13.6 6941
13.6 6942
13.6 6943
13.6 6944
13.6 6945
13.6 6946
13.6 6947
13.6 6948
13.6 6949
13.6 6950
13.6 6951
13.6 6952
13.6 6953
13.6 6954
13.6 6955
13.6 6956
13.6 6957
13.6 6958
13.6 6959
13.6 6960
13.6 6961
13.6 6962
13.6 6963
13.6 6964
13.6 6965
13.6 6966
13.6 6967
13.6 6968
13.6 6969
13.6 6970
13.6 6971
13.6 6972
13.6 6973
13.6 6974
13.6 6975
13.6 6976
13.6 6977
13.6 6978
13.6 6979
13.6 6980
13.6 6981
13.6 6982
13.6 6983
13.6 6984
13.6 6985
13.6 6986
13.7 6987
13.7 6988
13.7 6989
13.7 6990
13.7 6991
13.7 6992
13.7 6993
13.7 6994
13.7 6995
13.7 6996
13.7 6997
13.7 6998
13.7 6999
13.7 7000
13.7 7001
13.7 7002
13.7 7003
13.7 7004
13.7 7005
13.7 7006
13.7 7007
13.7 7008
13.7 7009
13.7 7010
13.7 7011
13.7 7012
13.7 7013
13.7 7014
13.7 7015
13.7 7016
13.7 7017
13.7 7018
13.7 7019
13.7 7020
13.7 7021
13.7 7022
13.7 7023
13.7 7024
13.7 7025
13.7 7026
13.7 7027
13.7 7028
13.7 7029
13.7 7030
13.7 7031
13.7 7032
13.8 7033
13.8 7034
13.8 7035
13.8 7036
13.8 7037
13.8 7038
13.8 7039
13.8 7040
13.8 7041
13.8 7042
13.8 7043
13.8 7044
13.8 7045
13.8 7046
13.8 7047
13.8 7048
13.8 7049
13.8 7050
13.8 7051
13.8 7052
13.8 7053
13.8 7054
13.8 7055
13.8 7056
13.8 7057
13.8 7058
13.8 7059
13.8 7060
13.8 7061
13.8 7062
13.8 7063
13.8 7064
13.8 7065
13.8 7066
13.8 7067
13.8 7068
13.8 7069
13.8 7070
13.8 7071
13.8 7072
13.8 7073
13.8 7074
13.8 7075
13.8 7076
13.8 7077
13.8 7078
13.8 7079
13.8 7080
13.8 7081
13.8 7082
13.8 7083
13.8 7084
13.8 7085
13.8 7086
13.8 7087
13.8 7088
13.8 7089
13.8 7090
13.8 7091
13.8 7092
13.8 7093
13.8 7094
13.8 7095
13.8 7096
13.8 7097
13.8 7098
13.8 7099
13.9 7100
13.9 7101
13.9 7102
13.9 7103
13.9 7104
13.9 7105
13.9 7106
13.9 7107
13.9 7108
13.9 7109
13.9 7110
13.9 7111
13.9 7112
13.9 7113
13.9 7114
13.9 7115
13.9 7116
13.9 7117
13.9 7118
13.9 7119
13.9 7120
13.9 7121
13.9 7122
13.9 7123
13.9 7124
13.9 7125
13.9 7126
13.9 7127
13.9 7128
13.9 7129
13.9 7130
13.9 7131
13.9 7132
13.9 7133
13.9 7134
13.9 7135
13.9 7136
13.9 7137
13.9 7138
13.9 7139
13.9 7140
13.9 7141
13.9 7142
13.9 7143
13.9 7144
13.9 7145
13.9 7146
13.9 7147
13.9 7148
13.9 7149
13.9 7150
13.9 7151
13.9 7152
13.9 7153
13.9 7154
13.9 7155
13.9 7156
13.9 7157
13.9 7158
13.9 7159
13.9 7160
13.9 7161
13.9 7162
13.9 7163
13.9 7164
13.9 7165
13.9 7166
13.9 7167
13.9 7168
13.9 7169
13.9 7170
13.9 7171
14.0 7172
14.0 7173
14.0 7174
14.0 7175
14.0 7176
14.0 7177
14.0 7178
14.0 7179
14.0 7180
14.0 7181
14.0 7182
14.0 7183
14.0 7184
14.0 7185
14.0 7186
14.0 7187
14.0 7188
14.0 7189
14.0 7190
14.0 7191
14.0 7192
14.0 7193
14.0 7194
14.0 7195
14.0 7196
14.0 7197
14.0 7198
14.0 7199
14.0 7200
14.0 7201
14.0 7202
14.0 7203
14.0 7204
14.0 7205
14.0 7206
14.0 7207
14.0 7208
14.0 7209
14.0 7210
14.0 7211
14.0 7212
14.0 7213
14.1 7214
14.1 7215
14.1 7216
14.1 7217
14.1 7218
14.1 7219
14.1 7220
14.1 7221
14.1 7222
14.1 7223
14.1 7224
14.1 7225
14.1 7226
14.1 7227
14.1 7228
14.1 7229
14.1 7230
14.1 7231
14.1 7232
14.1 7233
14.1 7234
14.1 7235
14.1 7236
14.1 7237
14.2 7238
14.2 7239
14.2 7240
14.2 7241
14.2 7242
14.2 7243
14.2 7244
14.2 7245
14.2 7246
14.2 7247
14.2 7248
14.2 7249
14.2 7250
14.2 7251
14.3 7252
14.3 7253
14.3 7254
14.3 7255
14.3 7256
14.3 7257
14.3 7258
14.3 7259
14.3 7260
14.3 7261
14.4 7262
14.4 7263
14.4 7264
14.4 7265
14.4 7266
14.4 7267
14.5 7268
14.5 7269
14.5 7270
14.5 7271
14.5 7272
14.5 7273
14.5 7274
14.5 7275
14.5 7276
14.6 7277
14.6 7278
14.6 7279
14.6 7280
14.6 7281
14.6 7282
14.7 7283
14.7 7284
14.7 7285
14.8 7286
14.8 7287
14.8 7288
14.9 7289
14.9 7290
14.9 7291
14.9 7292
14.9 7293
14.9 7294
14.9 7295
14.9 7296
14.9 7297
14.9 7298
15.0 7299
15.0 7300
15.0 7301
15.1 7302
15.2 7303
15.3 7304
15.3 7305
15.3 7306
15.3 7307
15.4 7308
15.4 7309
15.4 7310
15.5 7311
15.5 7312
15.6 7313
15.8 7314
15.8 7315
15.9 7316
15.9 7317
15.9 7318
15.9 7319
15.9 7320
15.9 7321
15.9 7322
15.9 7323
15.9 7324
15.9 7325
16.0 7326
16.0 7327
16.0 7328
16.0 7329
16.0 7330
16.0 7331
16.0 7332
16.1 7333
16.1 7334
16.1 7335
16.1 7336
16.1 7337
16.1 7338
16.1 7339
16.1 7340
16.1 7341
16.1 7342
16.1 7343
16.1 7344
16.1 7345
16.1 7346
16.1 7347
16.1 7348
16.1 7349
16.1 7350
16.1 7351
16.2 7352
16.2 7353
16.2 7354
16.2 7355
16.2 7356
16.2 7357
16.2 7358
16.2 7359
16.2 7360
16.2 7361
16.2 7362
16.2 7363
16.2 7364
16.2 7365
16.2 7366
16.2 7367
16.2 7368
16.2 7369
16.2 7370
16.2 7371
16.2 7372
16.2 7373
16.2 7374
16.2 7375
16.3 7376
16.3 7377
16.3 7378
16.3 7379
16.3 7380
16.3 7381
16.3 7382
16.3 7383
16.3 7384
16.3 7385
16.3 7386
16.3 7387
16.4 7388
16.4 7389
16.4 7390
16.4 7391
16.4 7392
16.4 7393
16.4 7394
16.4 7395
16.4 7396
16.5 7397
16.5 7398
16.5 7399
16.5 7400
16.6 7401
16.6 7402
16.6 7403
16.6 7404
16.6 7405
16.7 7406
16.9 7407
16.9 7408
17.0 7409
17.1 7410
17.1 7411
17.1 7412
17.1 7413
17.2 7414
17.3 7415
17.4 7416
17.4 7417
17.5 7418
17.5 7419
17.6 7420
17.6 7421
17.8 7422
17.8 7423
18.0 7424
18.1 7425
18.1 7426
18.3 7427
18.3 7428
18.5 7429
18.5 7430
18.5 7431
18.5 7432
18.6 7433
18.6 7434
18.6 7435
18.6 7436
18.6 7437
18.6 7438
18.6 7439
18.6 7440
18.6 7441
18.6 7442
18.6 7443
18.6 7444
18.6 7445
18.6 7446
18.6 7447
18.6 7448
18.6 7449
18.6 7450
18.6 7451
18.6 7452
18.7 7453
18.7 7454
18.7 7455
18.7 7456
18.7 7457
18.7 7458
18.7 7459
18.7 7460
18.7 7461
18.7 7462
18.7 7463
18.7 7464
18.7 7465
18.7 7466
18.7 7467
18.7 7468
18.7 7469
18.7 7470
18.7 7471
18.7 7472
18.7 7473
18.7 7474
18.7 7475
18.7 7476
18.7 7477
18.7 7478
18.7 7479
18.7 7480
18.7 7481
18.7 7482
18.7 7483
18.7 7484
18.7 7485
18.7 7486
18.7 7487
18.7 7488
18.7 7489
18.7 7490
18.8 7491
18.8 7492
18.8 7493
18.8 7494
18.8 7495
18.8 7496
18.8 7497
18.8 7498
18.8 7499
18.8 7500
18.8 7501
18.8 7502
18.8 7503
18.8 7504
18.8 7505
18.8 7506
18.8 7507
18.8 7508
18.8 7509
18.8 7510
18.8 7511
18.8 7512
18.8 7513
18.8 7514
18.8 7515
18.8 7516
18.8 7517
18.8 7518
18.8 7519
18.8 7520
18.8 7521
18.8 7522
18.8 7523
18.8 7524
18.8 7525
18.8 7526
18.8 7527
18.8 7528
18.8 7529
18.8 7530
18.8 7531
18.8 7532
18.8 7533
18.8 7534
18.8 7535
18.8 7536
18.8 7537
18.8 7538
18.8 7539
18.8 7540
18.9 7541
18.9 7542
18.9 7543
18.9 7544
18.9 7545
18.9 7546
18.9 7547
18.9 7548
18.9 7549
18.9 7550
18.9 7551
18.9 7552
18.9 7553
18.9 7554
18.9 7555
18.9 7556
18.9 7557
18.9 7558
18.9 7559
18.9 7560
18.9 7561
18.9 7562
18.9 7563
18.9 7564
18.9 7565
18.9 7566
18.9 7567
18.9 7568
18.9 7569
18.9 7570
18.9 7571
18.9 7572
18.9 7573
18.9 7574
18.9 7575
18.9 7576
18.9 7577
18.9 7578
18.9 7579
18.9 7580
18.9 7581
18.9 7582
18.9 7583
18.9 7584
18.9 7585
18.9 7586
18.9 7587
18.9 7588
18.9 7589
18.9 7590
18.9 7591
18.9 7592
18.9 7593
18.9 7594
18.9 7595
18.9 7596
18.9 7597
18.9 7598
18.9 7599
18.9 7600
18.9 7601
19.0 7602
19.0 7603
19.0 7604
19.0 7605
19.0 7606
19.0 7607
19.0 7608
19.0 7609
19.0 7610
19.0 7611
19.0 7612
19.0 7613
19.0 7614
19.0 7615
19.0 7616
19.0 7617
19.0 7618
19.0 7619
19.0 7620
19.0 7621
19.0 7622
19.0 7623
19.0 7624
19.0 7625
19.0 7626
19.0 7627
19.0 7628
19.0 7629
19.0 7630
19.0 7631
19.0 7632
19.0 7633
19.0 7634
19.0 7635
19.0 7636
19.0 7637
19.0 7638
19.0 7639
19.0 7640
19.0 7641
19.0 7642
19.0 7643
19.0 7644
19.0 7645
19.0 7646
19.0 7647
19.0 7648
19.0 7649
19.0 7650
19.0 7651
19.0 7652
19.0 7653
19.0 7654
19.0 7655
19.0 7656
19.0 7657
19.0 7658
19.0 7659
19.0 7660
19.0 7661
19.0 7662
19.0 7663
19.0 7664
19.0 7665
19.0 7666
19.0 7667
19.0 7668
19.0 7669
19.0 7670
19.0 7671
19.0 7672
19.0 7673
19.0 7674
19.0 7675
19.0 7676
19.0 7677
19.0 7678
19.0 7679
19.0 7680
19.0 7681
19.0 7682
19.0 7683
19.0 7684
19.0 7685
19.0 7686
19.0 7687
19.0 7688
19.0 7689
19.0 7690
19.0 7691
19.0 7692
19.0 7693
19.0 7694
19.0 7695
19.0 7696
19.0 7697
19.0 7698
19.0 7699
19.0 7700
19.0 7701
19.0 7702
19.0 7703
19.0 7704
19.0 7705
19.0 7706
19.0 7707
19.0 7708
19.1 7709
19.1 7710
19.1 7711
19.1 7712
19.1 7713
19.1 7714
19.1 7715
19.1 7716
19.1 7717
19.1 7718
19.1 7719
19.1 7720
19.1 7721
19.1 7722
19.1 7723
19.1 7724
19.1 7725
19.1 7726
19.1 7727
19.1 7728
19.1 7729
19.1 7730
19.1 7731
19.1 7732
19.1 7733
19.1 7734
19.1 7735
19.1 7736
19.1 7737
19.1 7738
19.1 7739
19.1 7740
19.1 7741
19.1 7742
19.1 7743
19.1 7744
19.1 7745
19.1 7746
19.1 7747
19.1 7748
19.1 7749
19.1 7750
19.1 7751
19.1 7752
19.1 7753
19.1 7754
19.1 7755
19.1 7756
19.1 7757
19.1 7758
19.1 7759
19.1 7760
19.1 7761
19.1 7762
19.1 7763
19.1 7764
19.1 7765
19.1 7766
19.1 7767
19.1 7768
19.1 7769
19.1 7770
19.1 7771
19.1 7772
19.1 7773
19.1 7774
19.1 7775
19.1 7776
19.1 7777
19.1 7778
19.1 7779
19.1 7780
19.1 7781
19.1 7782
19.1 7783
19.1 7784
19.1 7785
19.2 7786
19.2 7787
19.2 7788
19.2 7789
19.2 7790
19.2 7791
19.2 7792
19.2 7793
19.2 7794
19.2 7795
19.2 7796
19.2 7797
19.2 7798
19.2 7799
19.2 7800
19.2 7801
19.2 7802
19.2 7803
19.2 7804
19.2 7805
19.2 7806
19.2 7807
19.2 7808
19.2 7809
19.2 7810
19.2 7811
19.2 7812
19.2 7813
19.2 7814
19.2 7815
19.2 7816
19.2 7817
19.2 7818
19.2 7819
19.2 7820
19.2 7821
19.2 7822
19.2 7823
19.2 7824
19.2 7825
19.2 7826
19.2 7827
19.2 7828
19.2 7829
19.2 7830
19.2 7831
19.2 7832
19.2 7833
19.2 7834
19.2 7835
19.2 7836
19.2 7837
19.2 7838
19.2 7839
19.2 7840
19.3 7841
19.3 7842
19.3 7843
19.3 7844
19.3 7845
19.3 7846
19.3 7847
19.3 7848
19.3 7849
19.3 7850
19.3 7851
19.3 7852
19.3 7853
19.3 7854
19.3 7855
19.3 7856
19.3 7857
19.3 7858
19.3 7859
19.3 7860
19.3 7861
19.3 7862
19.3 7863
19.3 7864
19.3 7865
19.3 7866
19.3 7867
19.4 7868
19.4 7869
19.4 7870
19.4 7871
19.4 7872
19.4 7873
19.4 7874
19.4 7875
19.4 7876
19.4 7877
19.4 7878
19.4 7879
19.4 7880
19.4 7881
19.4 7882
19.4 7883
19.5 7884
19.5 7885
19.5 7886
19.5 7887
19.5 7888
19.5 7889
19.5 7890
19.5 7891
19.5 7892
19.5 7893
19.6 7894
19.6 7895
19.6 7896
19.6 7897
19.6 7898
19.6 7899
19.6 7900
19.6 7901
19.6 7902
19.6 7903
19.6 7904
19.7 7905
19.7 7906
19.7 7907
19.7 7908
19.7 7909
19.7 7910
19.7 7911
19.8 7912
19.8 7913
19.8 7914
19.9 7915
19.9 7916
19.9 7917
20.0 7918
20.0 7919
20.0 7920
20.0 7921
20.0 7922
20.1 7923
20.1 7924
20.1 7925
20.1 7926
20.2 7927
20.2 7928
20.2 7929
20.2 7930
20.2 7931
20.2 7932
20.2 7933
20.3 7934
20.3 7935
20.3 7936
20.3 7937
20.4 7938
20.4 7939
20.4 7940
20.5 7941
20.5 7942
20.5 7943
20.6 7944
20.6 7945
20.6 7946
20.7 7947
20.7 7948
20.7 7949
20.7 7950
20.7 7951
20.8 7952
20.8 7953
20.9 7954
20.9 7955
20.9 7956
20.9 7957
21.1 7958
21.1 7959
21.1 7960
21.1 7961
21.1 7962
21.2 7963
21.2 7964
21.3 7965
21.3 7966
21.3 7967
21.4 7968
21.4 7969
21.4 7970
21.6 7971
21.7 7972
21.7 7973
21.8 7974
22.1 7975
22.2 7976
22.4 7977
22.7 7978
22.8 7979
23.0 7980
23.0 7981
23.0 7982
23.1 7983
23.1 7984
23.2 7985
23.2 7986
23.4 7987
23.6 7988
24.0 7989
24.1 7990
24.2 7991
24.8 7992
25.1 7993
25.2 7994
25.6 7995
25.7 7996
25.8 7997
25.9 7998
26.4 7999
26.7 8000
26.7 8001
27.0 8002
27.4 8003
31.0 8004
31.4 8005
32.6 8006
