1 8.74
2 8.63
3 8.70
4 8.70
5 8.75
6 8.89
7 8.68
8 8.64
9 8.53
10 8.60
11 8.81
12 8.72
13 8.65
14 8.62
15 8.60
16 8.62
17 8.57
18 8.63
19 8.65
20 8.61
21 8.58
22 8.57
23 8.66
24 10.3
25 8.56
26 8.51
27 8.52
28 8.77
29 9.69
30 8.99
31 8.90
32 8.82
33 8.81
34 8.82
35 8.81
36 8.82
37 8.83
38 8.81
39 8.82
40 8.82
41 8.83
42 8.81
43 8.81
44 8.83
45 8.81
46 8.82
47 8.82
48 9.00
49 8.82
50 8.81
51 8.82
52 8.82
53 8.83
54 8.82
55 8.83
56 8.82
57 8.84
58 8.83
59 8.81
60 8.81
61 8.81
62 8.84
63 8.81
64 8.81
65 8.82
66 8.81
67 8.81
68 8.82
69 8.81
70 8.67
71 11.0
72 8.79
73 8.84
74 8.82
75 8.84
76 8.84
77 8.85
78 8.73
79 8.64
80 8.54
81 8.54
82 8.55
83 8.54
84 8.59
85 8.76
86 8.65
87 8.79
88 8.59
89 8.60
90 8.63
91 8.61
92 8.61
93 8.54
94 8.55
95 8.55
96 8.95
97 8.55
98 8.54
99 8.55
100 8.72
101 8.62
102 8.73
103 8.77
104 8.79
105 8.81
106 8.66
107 8.55
108 8.52
109 8.71
110 8.80
111 8.66
112 10.1
113 8.89
114 8.84
115 8.85
116 8.83
117 8.84
118 8.83
119 8.83
120 8.84
121 8.83
122 8.83
123 8.84
124 8.82
125 8.83
126 8.83
127 8.83
128 8.84
129 8.84
130 8.84
131 8.83
132 8.84
133 8.84
134 8.81
135 8.83
136 8.84
137 8.83
138 8.84
139 8.83
140 8.85
141 8.84
142 8.81
143 8.82
144 8.83
145 8.82
146 8.75
147 8.60
148 8.59
149 13.6
150 13.9
151 18.8
152 18.7
153 20.0
154 19.3
155 16.0
156 12.8
157 12.9
158 12.9
159 12.8
160 17.1
161 13.0
162 12.9
163 12.7
164 12.8
165 12.8
166 12.9
167 12.9
168 12.9
169 12.8
170 12.8
171 12.8
172 12.8
173 12.9
174 13.1
175 13.1
176 13.1
177 13.1
178 13.1
179 13.6
180 13.3
181 13.5
182 12.9
183 13.0
184 13.0
185 16.6
186 11.2
187 11.7
188 8.87
189 8.86
190 8.89
191 8.66
192 8.70
193 8.58
194 8.56
195 8.55
196 8.57
197 8.53
198 9.04
199 8.81
200 9.75
201 8.57
202 8.84
203 8.63
204 8.56
205 8.52
206 8.69
207 8.57
208 8.58
209 8.57
210 8.68
211 8.80
212 8.94
213 8.95
214 8.66
215 8.60
216 8.67
217 8.72
218 8.70
219 8.84
220 8.82
221 9.52
222 8.84
223 8.72
224 13.8
225 18.9
226 18.9
227 18.8
228 19.6
229 25.2
230 18.8
231 18.8
232 13.0
233 12.7
234 12.8
235 12.8
236 12.9
237 12.9
238 12.9
239 12.9
240 12.9
241 12.9
242 12.9
243 12.8
244 12.9
245 12.9
246 13.0
247 13.0
248 13.1
249 13.0
250 13.0
251 13.1
252 13.6
253 12.9
254 13.1
255 14.2
256 13.2
257 12.9
258 12.9
259 14.5
260 12.9
261 14.6
262 11.9
263 8.89
264 8.83
265 8.82
266 8.82
267 8.82
268 8.81
269 8.81
270 8.82
271 8.82
272 8.83
273 8.82
274 9.01
275 8.93
276 8.89
277 8.83
278 8.92
279 8.83
280 8.83
281 8.81
282 8.83
283 8.82
284 8.82
285 8.81
286 8.82
287 8.82
288 8.82
289 8.81
290 8.81
291 8.82
292 8.82
293 8.81
294 8.81
295 8.81
296 8.81
297 8.84
298 8.98
299 13.9
300 13.9
301 13.8
302 18.9
303 18.9
304 18.8
305 18.9
306 18.9
307 16.4
308 13.0
309 12.8
310 12.9
311 12.8
312 12.9
313 12.9
314 12.9
315 12.8
316 12.9
317 12.9
318 12.9
319 13.0
320 12.9
321 13.2
322 12.9
323 13.1
324 13.1
325 13.1
326 13.0
327 13.1
328 13.0
329 12.9
330 17.6
331 13.3
332 15.1
333 19.7
334 13.5
335 15.4
336 17.0
337 9.03
338 8.82
339 8.79
340 8.90
341 8.66
342 8.60
343 8.54
344 8.53
345 8.74
346 8.64
347 8.55
348 8.92
349 9.64
350 8.99
351 11.6
352 8.89
353 8.90
354 8.82
355 8.82
356 8.83
357 8.82
358 8.81
359 8.82
360 8.83
361 8.82
362 8.82
363 8.82
364 8.83
365 8.83
366 8.94
367 8.84
368 8.83
369 8.83
370 8.83
371 8.83
372 8.85
373 8.86
374 13.9
375 13.8
376 13.8
377 19.0
378 18.7
379 19.0
380 20.0
381 20.0
382 18.1
383 13.2
384 13.1
385 13.1
386 13.1
387 13.2
388 13.2
389 13.1
390 13.1
391 13.3
392 13.2
393 13.1
394 13.1
395 13.1
396 13.1
397 13.1
398 13.1
399 13.2
400 12.9
401 12.9
402 12.8
403 12.7
404 12.7
405 13.3
406 13.1
407 12.9
408 13.1
409 13.2
410 13.3
411 13.4
412 13.1
413 15.5
414 17.2
415 11.2
416 8.66
417 8.60
418 8.52
419 8.68
420 8.67
421 8.66
422 8.67
423 8.70
424 8.75
425 8.65
426 8.77
427 8.67
428 8.69
429 8.77
430 8.70
431 8.52
432 8.66
433 8.79
434 8.69
435 8.67
436 8.67
437 8.72
438 8.67
439 8.67
440 8.66
441 8.67
442 8.67
443 8.66
444 8.67
445 8.69
446 8.66
447 8.80
448 8.90
449 8.82
450 8.70
451 8.80
452 8.86
453 8.77
454 14.0
455 14.1
456 19.3
457 20.3
458 20.0
459 18.9
460 19.1
461 19.0
462 16.4
463 13.1
464 13.1
465 13.1
466 12.8
467 12.8
468 13.0
469 13.1
470 12.9
471 12.9
472 12.7
473 12.7
474 12.8
475 12.8
476 12.7
477 14.4
478 12.8
479 12.9
480 13.2
481 12.7
482 13.0
483 12.9
484 13.0
485 12.8
486 13.8
487 13.4
488 15.4
489 13.1
490 13.9
491 13.1
492 13.5
493 12.9
494 8.96
495 8.63
496 8.55
497 8.54
498 8.55
499 8.57
500 8.85
501 9.00
502 8.83
503 9.01
504 8.86
505 9.06
506 9.08
507 8.90
508 8.79
509 8.82
510 8.82
511 9.03
512 8.83
513 8.87
514 8.95
515 8.81
516 8.90
517 8.83
518 8.73
519 8.72
520 8.80
521 8.81
522 8.93
523 8.90
524 8.84
525 8.83
526 8.92
527 8.82
528 14.2
529 14.1
530 19.0
531 19.4
532 19.1
533 19.2
534 19.2
535 16.3
536 13.3
537 13.2
538 13.2
539 13.2
540 13.5
541 13.1
542 13.2
543 13.1
544 13.0
545 13.0
546 13.0
547 13.2
548 13.2
549 13.0
550 13.3
551 13.2
552 13.1
553 13.0
554 13.2
555 13.1
556 13.3
557 13.1
558 13.4
559 13.3
560 13.4
561 13.1
562 13.1
563 13.2
564 13.3
565 11.1
566 11.0
567 8.87
568 8.75
569 8.72
570 8.83
571 8.81
572 8.81
573 8.81
574 8.83
575 8.97
576 8.90
577 8.90
578 8.84
579 8.87
580 8.84
581 8.86
582 9.85
583 8.98
584 9.06
585 8.83
586 8.83
587 8.80
588 8.80
589 8.96
590 9.04
591 8.83
592 8.79
593 8.73
594 8.73
595 8.77
596 8.84
597 8.81
598 9.03
599 8.87
600 8.88
601 8.78
602 8.76
603 13.6
604 13.6
605 13.7
606 19.1
607 18.7
608 18.7
609 18.7
610 19.0
611 16.1
612 14.1
613 12.9
614 13.0
615 12.9
616 12.7
617 12.7
618 12.7
619 12.9
620 12.9
621 12.8
622 12.8
623 12.7
624 12.7
625 12.7
626 12.9
627 12.7
628 12.8
629 13.0
630 12.7
631 12.7
632 12.7
633 12.8
634 12.7
635 12.8
636 13.5
637 13.2
638 13.0
639 12.8
640 12.7
641 12.8
642 13.2
643 13.5
644 13.3
645 11.1
646 8.87
647 8.80
648 9.06
649 8.89
650 8.89
651 8.81
652 8.82
653 8.73
654 8.74
655 8.80
656 8.90
657 8.85
658 8.88
659 8.95
660 8.89
661 8.86
662 8.85
663 8.80
664 8.80
665 8.86
666 8.83
667 8.91
668 9.04
669 8.81
670 8.82
671 8.81
672 8.80
673 8.80
674 8.78
675 8.95
676 8.78
677 9.13
678 8.80
679 8.79
680 8.86
681 8.83
682 14.1
683 13.8
684 13.9
685 19.1
686 19.0
687 19.2
688 19.0
689 19.5
690 16.3
691 12.8
692 13.1
693 13.0
694 13.0
695 13.7
696 13.2
697 13.1
698 13.1
699 13.2
700 13.0
701 13.2
702 13.2
703 13.1
704 13.0
705 13.5
706 13.3
707 13.1
708 13.1
709 13.2
710 13.3
711 13.3
712 13.2
713 13.1
714 13.0
715 12.8
716 12.8
717 14.8
718 12.8
719 16.1
720 13.6
721 12.6
722 8.86
723 8.81
724 8.81
725 8.77
726 8.71
727 8.70
728 8.72
729 8.77
730 8.75
731 8.78
732 8.83
733 9.01
734 9.00
735 8.82
736 8.84
737 8.78
738 8.78
739 8.75
740 8.76
741 8.84
742 8.86
743 8.83
744 9.01
745 8.86
746 8.84
747 8.87
748 9.01
749 8.87
750 8.81
751 8.81
752 8.80
753 8.80
754 8.79
755 8.81
756 8.88
757 8.78
758 13.8
759 14.0
760 19.1
761 19.0
762 19.0
763 19.2
764 19.2
765 19.3
766 13.3
767 13.1
768 13.1
769 13.0
770 13.0
771 13.0
772 13.1
773 13.2
774 13.4
775 13.2
776 13.0
777 13.0
778 13.2
779 13.2
780 13.0
781 13.1
782 13.1
783 13.1
784 13.1
785 13.2
786 13.0
787 13.1
788 13.2
789 13.2
790 13.1
791 13.1
792 13.1
793 13.1
794 13.3
795 13.2
796 13.3
797 13.3
798 11.0
799 8.86
800 8.86
801 8.91
802 8.85
803 8.82
804 8.79
805 8.82
806 9.04
807 8.81
808 8.95
809 8.86
810 8.87
811 8.93
812 9.05
813 8.88
814 8.86
815 8.80
816 8.76
817 8.80
818 8.85
819 8.64
820 8.89
821 8.82
822 8.81
823 8.79
824 8.81
825 8.81
826 8.81
827 8.80
828 8.79
829 8.77
830 8.89
831 8.96
832 9.30
833 13.9
834 13.9
835 14.0
836 18.8
837 18.8
838 19.0
839 19.1
840 19.0
841 19.2
842 13.4
843 13.1
844 13.1
845 13.0
846 13.2
847 13.1
848 13.3
849 13.2
850 13.1
851 13.0
852 13.1
853 13.1
854 13.1
855 13.1
856 13.0
857 13.1
858 13.2
859 13.1
860 13.1
861 13.3
862 13.3
863 13.1
864 13.2
865 13.1
866 13.4
867 13.1
868 13.2
869 13.3
870 13.2
871 13.3
872 13.5
873 11.1
874 11.0
875 9.09
876 8.75
877 8.72
878 8.72
879 8.78
880 8.72
881 8.86
882 8.79
883 8.76
884 8.79
885 9.02
886 8.95
887 8.98
888 8.86
889 8.86
890 8.94
891 8.83
892 8.89
893 8.84
894 9.22
895 8.89
896 8.82
897 8.82
898 8.80
899 8.74
900 8.72
901 8.81
902 8.80
903 8.75
904 8.71
905 8.71
906 8.71
907 8.72
908 8.94
909 8.81
910 13.9
911 13.8
912 19.0
913 19.0
914 19.3
915 19.2
916 19.5
917 19.0
918 13.8
919 13.2
920 13.1
921 13.1
922 13.0
923 13.2
924 13.2
925 13.0
926 13.1
927 13.2
928 13.1
929 13.1
930 13.0
931 13.2
932 13.2
933 13.1
934 13.1
935 13.2
936 13.1
937 13.3
938 13.1
939 13.3
940 13.2
941 13.3
942 13.4
943 13.5
944 13.3
945 13.2
946 13.3
947 13.1
948 11.0
949 11.1
950 8.88
951 8.77
952 8.79
953 8.79
954 8.79
955 8.86
956 8.82
957 8.84
958 8.83
959 23.0
960 8.90
961 8.94
962 9.07
963 8.91
964 8.85
965 8.83
966 8.83
967 8.81
968 8.80
969 9.06
970 8.90
971 8.93
972 8.80
973 8.84
974 8.94
975 8.83
976 8.82
977 8.81
978 8.81
979 8.98
980 8.83
981 8.80
982 8.80
983 8.95
984 8.85
985 13.9
986 13.9
987 18.8
988 18.8
989 19.1
990 19.2
991 19.0
992 19.2
993 16.2
994 13.5
995 13.2
996 13.2
997 13.4
998 13.1
999 13.1
1000 13.1
1001 13.1
1002 13.1
1003 13.3
1004 13.1
1005 13.1
1006 13.0
1007 13.2
1008 13.2
1009 13.2
1010 13.2
1011 13.2
1012 13.1
1013 13.2
1014 13.3
1015 13.1
1016 13.1
1017 13.4
1018 13.2
1019 13.3
1020 13.1
1021 14.1
1022 14.7
1023 13.1
1024 10.7
1025 8.74
1026 8.97
1027 8.83
1028 8.81
1029 8.81
1030 8.79
1031 8.93
1032 8.83
1033 8.79
1034 8.48
1035 8.72
1036 8.68
1037 8.98
1038 8.68
1039 8.71
1040 8.68
1041 8.61
1042 8.60
1043 8.52
1044 8.51
1045 8.49
1046 8.45
1047 8.56
1048 8.51
1049 8.58
1050 8.56
1051 8.68
1052 8.66
1053 9.07
1054 8.60
1055 8.56
1056 8.48
1057 8.50
1058 8.48
1059 8.59
1060 8.64
1061 8.52
1062 13.8
1063 13.5
1064 13.6
1065 18.5
1066 18.5
1067 18.5
1068 18.9
1069 18.8
1070 20.2
1071 15.9
1072 12.8
1073 12.6
1074 12.5
1075 12.8
1076 13.0
1077 12.9
1078 13.0
1079 12.8
1080 12.7
1081 12.6
1082 12.8
1083 12.7
1084 12.6
1085 12.7
1086 12.7
1087 12.7
1088 12.7
1089 12.9
1090 12.9
1091 12.8
1092 12.7
1093 12.6
1094 12.8
1095 12.9
1096 12.7
1097 12.8
1098 13.2
1099 12.8
1100 13.4
1101 12.9
1102 12.9
1103 13.0
1104 16.3
1105 11.0
1106 8.82
1107 8.83
1108 8.93
1109 8.74
1110 8.80
1111 8.74
1112 8.72
1113 8.74
1114 8.78
1115 8.77
1116 8.79
1117 8.95
1118 9.64
1119 8.78
1120 8.78
1121 8.72
1122 8.74
1123 8.80
1124 8.45
1125 8.47
1126 8.41
1127 8.49
1128 8.62
1129 8.65
1130 8.78
1131 8.68
1132 8.68
1133 8.68
1134 8.85
1135 8.68
1136 8.66
1137 8.77
1138 8.67
1139 8.70
1140 8.81
1141 9.04
1142 13.8
1143 13.5
1144 18.7
1145 18.6
1146 18.6
1147 18.8
1148 18.7
1149 27.0
1150 18.8
1151 12.7
1152 12.7
1153 12.9
1154 12.8
1155 12.9
1156 12.8
1157 12.7
1158 12.7
1159 12.7
1160 12.7
1161 12.6
1162 12.7
1163 12.7
1164 12.7
1165 12.7
1166 13.0
1167 13.1
1168 13.1
1169 13.0
1170 13.0
1171 13.1
1172 13.0
1173 14.6
1174 13.0
1175 14.6
1176 13.0
1177 13.2
1178 13.2
1179 13.4
1180 13.8
1181 13.3
1182 13.2
1183 9.05
1184 8.95
1185 8.77
1186 8.76
1187 8.74
1188 8.71
1189 8.79
1190 8.82
1191 8.89
1192 8.77
1193 8.83
1194 9.20
1195 8.79
1196 8.90
1197 8.96
1198 8.87
1199 8.75
1200 8.78
1201 8.81
1202 9.11
1203 8.84
1204 8.72
1205 8.75
1206 9.09
1207 8.76
1208 8.73
1209 8.72
1210 8.72
1211 8.72
1212 9.03
1213 8.76
1214 8.72
1215 8.88
1216 8.73
1217 8.97
1218 13.8
1219 14.1
1220 19.2
1221 19.4
1222 19.0
1223 19.1
1224 19.0
1225 16.2
1226 13.3
1227 13.1
1228 13.1
1229 13.1
1230 13.1
1231 13.1
1232 13.0
1233 13.0
1234 13.0
1235 13.0
1236 13.0
1237 12.9
1238 13.0
1239 13.1
1240 13.0
1241 13.2
1242 13.0
1243 13.0
1244 13.1
1245 13.0
1246 13.3
1247 13.2
1248 13.2
1249 13.1
1250 13.2
1251 13.2
1252 13.2
1253 12.2
1254 11.2
1255 8.94
1256 8.77
1257 8.73
1258 8.71
1259 8.71
1260 8.90
1261 8.74
1262 8.72
1263 8.72
1264 8.73
1265 8.91
1266 8.93
1267 9.11
1268 8.78
1269 8.79
1270 8.84
1271 8.71
1272 8.71
1273 8.67
1274 8.83
1275 8.55
1276 8.58
1277 8.50
1278 8.50
1279 8.64
1280 8.51
1281 8.58
1282 8.53
1283 8.58
1284 8.54
1285 8.59
1286 8.54
1287 8.74
1288 8.64
1289 9.28
1290 13.7
1291 13.9
1292 21.8
1293 19.1
1294 19.3
1295 19.2
1296 19.2
1297 23.1
1298 15.9
1299 12.7
1300 12.9
1301 12.9
1302 13.0
1303 12.6
1304 13.1
1305 12.9
1306 13.1
1307 12.9
1308 12.8
1309 13.0
1310 12.6
1311 12.8
1312 12.7
1313 13.1
1314 12.9
1315 12.9
1316 13.2
1317 12.8
1318 13.0
1319 31.4
1320 12.9
1321 12.7
1322 12.7
1323 12.7
1324 13.0
1325 12.9
1326 13.6
1327 13.0
1328 12.9
1329 13.4
1330 14.1
1331 11.0
1332 8.63
1333 8.67
1334 8.67
1335 8.63
1336 8.69
1337 9.06
1338 8.64
1339 8.83
1340 8.56
1341 10.2
1342 10.5
1343 8.61
1344 8.95
1345 8.52
1346 8.61
1347 8.56
1348 8.50
1349 8.74
1350 8.79
1351 8.63
1352 8.59
1353 8.78
1354 8.82
1355 8.65
1356 8.68
1357 8.81
1358 8.67
1359 8.77
1360 8.66
1361 8.56
1362 8.70
1363 8.67
1364 8.70
1365 8.74
1366 9.13
1367 8.55
1368 13.5
1369 13.6
1370 18.6
1371 18.8
1372 18.6
1373 18.7
1374 19.1
1375 19.0
1376 16.0
1377 12.8
1378 12.6
1379 13.1
1380 12.9
1381 12.9
1382 12.7
1383 12.7
1384 12.8
1385 12.7
1386 12.9
1387 12.6
1388 12.6
1389 12.7
1390 12.7
1391 12.6
1392 12.7
1393 12.7
1394 12.6
1395 12.7
1396 12.7
1397 12.7
1398 12.8
1399 12.8
1400 12.6
1401 12.9
1402 12.9
1403 13.3
1404 12.9
1405 13.0
1406 14.8
1407 13.2
1408 13.1
1409 10.9
1410 8.66
1411 8.49
1412 8.74
1413 8.46
1414 8.53
1415 8.49
1416 8.48
1417 8.60
1418 9.05
1419 8.66
1420 9.51
1421 8.66
1422 8.98
1423 8.85
1424 8.81
1425 8.85
1426 8.75
1427 8.77
1428 8.77
1429 8.85
1430 8.82
1431 8.88
1432 8.77
1433 8.77
1434 8.87
1435 8.77
1436 8.76
1437 8.78
1438 8.76
1439 8.77
1440 8.74
1441 8.98
1442 8.77
1443 8.74
1444 8.76
1445 14.0
1446 13.9
1447 19.0
1448 19.0
1449 19.1
1450 19.1
1451 19.9
1452 16.4
1453 13.0
1454 13.0
1455 13.2
1456 13.1
1457 13.2
1458 13.0
1459 13.1
1460 13.2
1461 13.3
1462 13.1
1463 13.0
1464 13.3
1465 13.2
1466 13.2
1467 13.0
1468 13.1
1469 13.1
1470 13.0
1471 13.1
1472 13.3
1473 12.8
1474 12.8
1475 12.9
1476 13.0
1477 13.4
1478 13.1
1479 12.7
1480 13.0
1481 13.9
1482 13.5
1483 11.1
1484 11.1
1485 9.01
1486 8.78
1487 8.74
1488 8.76
1489 8.85
1490 8.72
1491 8.72
1492 8.72
1493 8.73
1494 9.57
1495 9.11
1496 8.99
1497 8.91
1498 8.89
1499 8.75
1500 8.93
1501 8.86
1502 8.91
1503 8.81
1504 8.73
1505 8.72
1506 8.73
1507 8.72
1508 8.72
1509 8.72
1510 8.73
1511 8.85
1512 8.78
1513 8.72
1514 8.75
1515 8.83
1516 8.73
1517 8.72
1518 8.86
1519 8.75
1520 14.0
1521 14.0
1522 19.2
1523 19.0
1524 19.4
1525 19.0
1526 19.0
1527 16.1
1528 12.9
1529 12.6
1530 12.7
1531 12.9
1532 12.9
1533 12.8
1534 12.6
1535 12.8
1536 12.6
1537 12.8
1538 12.6
1539 12.7
1540 13.0
1541 12.7
1542 12.7
1543 25.7
1544 25.8
1545 12.8
1546 13.1
1547 12.8
1548 12.8
1549 12.9
1550 12.8
1551 12.6
1552 12.6
1553 12.8
1554 12.7
1555 12.9
1556 12.8
1557 12.8
1558 13.0
1559 13.0
1560 13.1
1561 11.1
1562 8.71
1563 8.45
1564 8.61
1565 8.76
1566 8.98
1567 8.65
1568 8.63
1569 8.63
1570 9.22
1571 8.57
1572 8.53
1573 8.71
1574 10.4
1575 9.33
1576 8.66
1577 8.88
1578 8.69
1579 8.68
1580 8.51
1581 8.52
1582 8.54
1583 8.75
1584 8.95
1585 8.55
1586 8.55
1587 8.59
1588 8.53
1589 8.51
1590 8.57
1591 8.50
1592 8.47
1593 8.45
1594 8.65
1595 8.63
1596 8.64
1597 8.67
1598 8.52
1599 14.0
1600 13.8
1601 18.9
1602 18.8
1603 19.5
1604 19.7
1605 19.0
1606 19.0
1607 14.1
1608 12.7
1609 12.8
1610 12.8
1611 12.6
1612 12.6
1613 12.7
1614 12.7
1615 12.7
1616 12.6
1617 12.8
1618 12.6
1619 12.7
1620 12.7
1621 12.6
1622 12.6
1623 12.6
1624 12.8
1625 12.7
1626 12.6
1627 13.1
1628 13.0
1629 13.0
1630 13.0
1631 13.4
1632 12.8
1633 13.1
1634 13.1
1635 13.7
1636 14.8
1637 14.5
1638 14.9
1639 10.8
1640 8.83
1641 8.43
1642 8.56
1643 8.66
1644 8.64
1645 8.56
1646 8.56
1647 8.52
1648 8.47
1649 8.64
1650 8.65
1651 9.29
1652 8.74
1653 9.50
1654 8.96
1655 8.84
1656 8.82
1657 8.72
1658 8.78
1659 8.72
1660 8.87
1661 8.91
1662 8.80
1663 8.72
1664 8.72
1665 8.82
1666 8.72
1667 8.77
1668 8.73
1669 8.78
1670 8.82
1671 9.01
1672 8.77
1673 8.80
1674 8.92
1675 8.81
1676 13.9
1677 14.0
1678 19.0
1679 19.2
1680 19.2
1681 19.1
1682 19.1
1683 16.2
1684 13.3
1685 13.0
1686 13.0
1687 13.0
1688 13.2
1689 13.1
1690 13.0
1691 13.0
1692 13.1
1693 13.1
1694 13.1
1695 13.1
1696 13.2
1697 13.2
1698 13.1
1699 13.0
1700 13.1
1701 13.2
1702 13.2
1703 13.2
1704 13.3
1705 13.3
1706 13.3
1707 13.1
1708 13.4
1709 13.4
1710 13.1
1711 13.1
1712 13.3
1713 11.2
1714 8.91
1715 9.34
1716 8.91
1717 8.92
1718 8.83
1719 8.73
1720 8.72
1721 8.72
1722 8.74
1723 8.73
1724 8.80
1725 8.77
1726 9.70
1727 8.64
1728 9.00
1729 8.68
1730 8.66
1731 8.74
1732 8.60
1733 8.77
1734 8.86
1735 8.68
1736 8.71
1737 8.53
1738 8.55
1739 8.51
1740 8.49
1741 8.84
1742 8.48
1743 8.65
1744 8.74
1745 9.00
1746 8.70
1747 8.71
1748 9.07
1749 8.68
1750 13.8
1751 14.0
1752 18.8
1753 18.6
1754 19.0
1755 19.2
1756 19.0
1757 16.2
1758 13.2
1759 13.1
1760 12.9
1761 13.1
1762 13.0
1763 13.1
1764 13.0
1765 13.2
1766 13.1
1767 13.2
1768 13.0
1769 13.1
1770 13.1
1771 13.0
1772 13.1
1773 12.9
1774 13.0
1775 13.1
1776 13.0
1777 12.9
1778 13.2
1779 13.3
1780 13.2
1781 13.2
1782 12.9
1783 13.1
1784 12.8
1785 14.1
1786 17.8
1787 13.3
1788 12.1
1789 10.7
1790 8.69
1791 8.52
1792 8.66
1793 8.97
1794 8.67
1795 8.66
1796 8.85
1797 8.55
1798 8.58
1799 8.54
1800 8.75
1801 8.58
1802 8.87
1803 8.57
1804 8.51
1805 8.78
1806 8.87
1807 8.66
1808 8.75
1809 8.69
1810 8.67
1811 8.78
1812 8.68
1813 8.68
1814 8.68
1815 8.76
1816 8.80
1817 8.69
1818 8.78
1819 8.67
1820 8.79
1821 8.99
1822 8.56
1823 8.76
1824 8.44
1825 8.80
1826 13.8
1827 13.7
1828 13.6
1829 18.7
1830 18.7
1831 22.8
1832 26.7
1833 25.9
1834 19.4
1835 18.9
1836 13.0
1837 12.7
1838 12.6
1839 12.9
1840 13.0
1841 12.9
1842 12.9
1843 13.0
1844 13.0
1845 12.7
1846 12.8
1847 12.7
1848 12.7
1849 12.6
1850 12.6
1851 12.8
1852 12.6
1853 13.1
1854 12.9
1855 13.4
1856 12.9
1857 13.3
1858 13.0
1859 13.0
1860 12.8
1861 12.9
1862 12.9
1863 13.0
1864 12.9
1865 13.1
1866 13.0
1867 13.0
1868 15.0
1869 13.9
1870 8.66
1871 8.57
1872 8.73
1873 8.55
1874 8.71
1875 8.76
1876 8.82
1877 8.65
1878 8.61
1879 8.64
1880 8.53
1881 10.1
1882 8.69
1883 8.77
1884 8.58
1885 8.55
1886 8.57
1887 8.47
1888 8.47
1889 8.57
1890 8.64
1891 8.89
1892 8.67
1893 8.68
1894 8.58
1895 8.52
1896 8.57
1897 8.53
1898 8.56
1899 8.43
1900 8.51
1901 8.57
1902 8.62
1903 8.67
1904 8.61
1905 8.63
1906 8.63
1907 13.6
1908 13.5
1909 13.6
1910 18.6
1911 18.8
1912 18.7
1913 18.9
1914 19.1
1915 19.1
1916 16.2
1917 13.3
1918 13.3
1919 13.1
1920 13.2
1921 13.0
1922 13.1
1923 13.1
1924 13.1
1925 13.0
1926 13.0
1927 13.1
1928 13.1
1929 13.1
1930 13.1
1931 13.1
1932 13.1
1933 13.0
1934 13.1
1935 13.0
1936 12.6
1937 12.7
1938 12.8
1939 13.3
1940 12.9
1941 12.9
1942 13.2
1943 12.9
1944 14.4
1945 12.9
1946 13.1
1947 10.8
1948 8.49
1949 8.55
1950 8.74
1951 8.68
1952 9.10
1953 8.57
1954 8.56
1955 8.82
1956 9.15
1957 8.74
1958 8.78
1959 9.86
1960 9.99
1961 8.90
1962 8.85
1963 9.10
1964 8.92
1965 8.73
1966 8.79
1967 8.78
1968 8.73
1969 8.70
1970 8.70
1971 8.88
1972 8.72
1973 8.71
1974 8.78
1975 8.89
1976 8.84
1977 8.71
1978 8.82
1979 9.11
1980 8.73
1981 8.71
1982 8.93
1983 8.76
1984 13.8
1985 14.0
1986 19.0
1987 19.0
1988 18.8
1989 20.9
1990 16.4
1991 16.6
1992 13.2
1993 13.0
1994 13.0
1995 13.0
1996 13.0
1997 13.1
1998 13.2
1999 13.1
2000 13.3
2001 13.2
2002 13.0
2003 13.1
2004 13.2
2005 13.0
2006 13.1
2007 13.0
2008 13.1
2009 13.1
2010 13.0
2011 13.1
2012 13.1
2013 13.0
2014 13.0
2015 13.2
2016 13.2
2017 13.2
2018 13.0
2019 13.3
2020 13.0
2021 13.1
2022 11.1
2023 8.50
2024 8.64
2025 8.74
2026 8.56
2027 8.52
2028 8.47
2029 8.49
2030 8.55
2031 8.60
2032 8.52
2033 9.02
2034 8.85
2035 8.88
2036 8.74
2037 8.44
2038 8.79
2039 8.79
2040 8.81
2041 9.17
2042 9.23
2043 9.86
2044 9.05
2045 9.54
2046 8.96
2047 8.74
2048 8.44
2049 8.67
2050 8.77
2051 8.64
2052 8.70
2053 8.66
2054 8.71
2055 8.68
2056 9.75
2057 8.82
2058 8.93
2059 13.7
2060 13.8
2061 18.7
2062 18.9
2063 19.0
2064 19.4
2065 26.7
2066 16.3
2067 13.1
2068 12.8
2069 12.6
2070 12.8
2071 12.8
2072 12.8
2073 12.7
2074 12.7
2075 12.6
2076 12.6
2077 12.6
2078 12.9
2079 12.8
2080 13.0
2081 12.6
2082 12.6
2083 13.0
2084 13.0
2085 12.8
2086 13.4
2087 13.7
2088 13.1
2089 13.0
2090 13.2
2091 13.2
2092 13.3
2093 13.3
2094 13.1
2095 13.0
2096 13.0
2097 12.9
2098 13.1
2099 13.0
2100 10.8
2101 8.72
2102 8.75
2103 8.77
2104 8.73
2105 8.66
2106 8.80
2107 8.75
2108 8.66
2109 9.12
2110 8.64
2111 10.1
2112 9.19
2113 9.12
2114 8.91
2115 8.82
2116 8.83
2117 8.79
2118 9.03
2119 8.75
2120 8.72
2121 8.72
2122 9.00
2123 8.86
2124 8.79
2125 8.88
2126 8.72
2127 8.81
2128 8.88
2129 8.72
2130 8.72
2131 8.73
2132 8.96
2133 8.77
2134 8.75
2135 8.78
2136 13.9
2137 13.8
2138 19.1
2139 19.2
2140 20.5
2141 19.6
2142 20.6
2143 19.0
2144 16.4
2145 12.7
2146 12.9
2147 13.0
2148 12.8
2149 12.7
2150 12.8
2151 12.7
2152 12.6
2153 12.6
2154 12.7
2155 12.6
2156 12.9
2157 12.8
2158 12.7
2159 12.8
2160 12.8
2161 13.1
2162 13.3
2163 13.1
2164 13.0
2165 19.0
2166 12.8
2167 12.9
2168 12.8
2169 12.8
2170 13.2
2171 13.0
2172 13.5
2173 13.1
2174 13.1
2175 13.2
2176 13.1
2177 11.0
2178 9.09
2179 8.82
2180 9.25
2181 8.98
2182 8.94
2183 9.04
2184 8.85
2185 8.88
2186 8.84
2187 8.76
2188 8.79
2189 9.11
2190 8.85
2191 8.83
2192 9.07
2193 8.84
2194 8.90
2195 8.92
2196 8.74
2197 8.72
2198 8.72
2199 8.85
2200 8.92
2201 8.90
2202 8.65
2203 8.72
2204 8.63
2205 8.70
2206 8.78
2207 9.12
2208 8.66
2209 8.53
2210 20.8
2211 8.75
2212 8.82
2213 8.69
2214 8.62
2215 13.8
2216 14.0
2217 18.7
2218 18.7
2219 19.0
2220 19.0
2221 23.0
2222 21.7
2223 13.4
2224 12.8
2225 12.8
2226 12.9
2227 12.7
2228 12.6
2229 12.9
2230 12.8
2231 12.9
2232 13.2
2233 12.8
2234 13.3
2235 12.9
2236 12.7
2237 12.7
2238 12.7
2239 12.9
2240 12.7
2241 13.1
2242 12.9
2243 13.7
2244 12.7
2245 13.5
2246 13.9
2247 13.1
2248 13.2
2249 13.4
2250 13.0
2251 12.9
2252 13.2
2253 13.6
2254 15.9
2255 15.3
2256 11.8
2257 9.04
2258 8.78
2259 8.73
2260 8.73
2261 8.73
2262 8.73
2263 8.73
2264 8.85
2265 8.73
2266 8.75
2267 8.79
2268 8.78
2269 8.88
2270 8.79
2271 8.88
2272 8.72
2273 8.73
2274 8.77
2275 8.84
2276 8.73
2277 8.73
2278 8.74
2279 8.75
2280 8.85
2281 9.07
2282 8.76
2283 8.86
2284 8.81
2285 9.12
2286 8.92
2287 8.77
2288 8.83
2289 8.73
2290 8.78
2291 8.90
2292 13.8
2293 13.8
2294 18.9
2295 18.9
2296 19.2
2297 19.1
2298 16.5
2299 16.3
2300 13.2
2301 13.0
2302 13.0
2303 13.1
2304 13.0
2305 13.6
2306 13.2
2307 13.1
2308 13.2
2309 13.0
2310 13.0
2311 13.0
2312 13.1
2313 13.0
2314 13.0
2315 13.1
2316 13.1
2317 13.3
2318 13.1
2319 12.9
2320 12.6
2321 12.7
2322 13.5
2323 13.6
2324 12.8
2325 14.5
2326 13.1
2327 13.4
2328 13.2
2329 11.1
2330 11.0
2331 8.95
2332 8.85
2333 8.72
2334 8.72
2335 8.72
2336 8.72
2337 8.73
2338 8.72
2339 8.73
2340 8.72
2341 8.81
2342 9.12
2343 9.35
2344 8.69
2345 8.81
2346 8.89
2347 8.57
2348 8.64
2349 8.54
2350 8.56
2351 8.54
2352 8.62
2353 8.71
2354 8.55
2355 8.80
2356 8.77
2357 8.68
2358 8.70
2359 8.68
2360 8.86
2361 8.68
2362 8.68
2363 8.78
2364 10.0
2365 8.74
2366 8.61
2367 8.51
2368 13.7
2369 13.7
2370 13.8
2371 19.3
2372 20.7
2373 19.4
2374 19.2
2375 20.5
2376 16.9
2377 13.1
2378 13.0
2379 13.3
2380 13.4
2381 13.2
2382 13.1
2383 13.1
2384 13.2
2385 13.2
2386 13.1
2387 13.1
2388 13.0
2389 13.1
2390 13.1
2391 13.0
2392 13.1
2393 13.1
2394 13.0
2395 13.1
2396 13.0
2397 13.0
2398 13.1
2399 13.1
2400 13.2
2401 13.2
2402 13.2
2403 13.2
2404 13.3
2405 13.2
2406 11.2
2407 11.2
2408 9.10
2409 8.84
2410 8.77
2411 8.77
2412 8.75
2413 8.73
2414 8.75
2415 8.73
2416 8.73
2417 8.73
2418 8.77
2419 9.00
2420 8.88
2421 9.09
2422 8.88
2423 8.87
2424 8.73
2425 8.72
2426 8.72
2427 8.72
2428 8.83
2429 8.73
2430 8.74
2431 8.75
2432 8.78
2433 8.80
2434 8.81
2435 8.72
2436 8.73
2437 8.88
2438 8.72
2439 8.73
2440 8.74
2441 9.00
2442 8.77
2443 13.9
2444 18.8
2445 19.2
2446 18.9
2447 19.3
2448 21.4
2449 16.1
2450 13.6
2451 13.1
2452 13.1
2453 13.2
2454 13.2
2455 13.1
2456 13.3
2457 13.1
2458 13.2
2459 13.2
2460 13.2
2461 13.0
2462 13.2
2463 13.0
2464 13.3
2465 13.3
2466 13.0
2467 13.1
2468 13.0
2469 13.0
2470 13.1
2471 13.1
2472 13.0
2473 13.1
2474 13.0
2475 13.2
2476 13.2
2477 13.1
2478 13.2
2479 13.3
2480 13.2
2481 11.1
2482 9.15
2483 8.76
2484 8.80
2485 8.83
2486 8.83
2487 8.83
2488 8.81
2489 8.78
2490 8.82
2491 8.90
2492 8.85
2493 8.91
2494 8.90
2495 8.85
2496 8.88
2497 9.04
2498 8.83
2499 8.86
2500 8.97
2501 8.81
2502 8.84
2503 8.93
2504 8.83
2505 8.81
2506 8.81
2507 8.81
2508 8.85
2509 8.97
2510 8.79
2511 8.81
2512 8.79
2513 8.89
2514 8.97
2515 9.53
2516 9.03
2517 13.6
2518 13.8
2519 13.6
2520 18.8
2521 18.7
2522 18.7
2523 18.9
2524 19.0
2525 20.1
2526 19.4
2527 13.1
2528 13.1
2529 13.1
2530 13.1
2531 13.1
2532 13.1
2533 13.1
2534 13.1
2535 13.2
2536 13.4
2537 13.1
2538 13.2
2539 13.2
2540 13.1
2541 13.1
2542 13.0
2543 13.2
2544 13.1
2545 13.2
2546 13.1
2547 13.1
2548 13.8
2549 13.1
2550 13.2
2551 13.3
2552 14.9
2553 13.3
2554 20.7
2555 15.3
2556 13.6
2557 13.0
2558 10.8
2559 9.00
2560 8.59
2561 8.58
2562 8.70
2563 8.92
2564 8.60
2565 8.74
2566 8.61
2567 8.77
2568 8.78
2569 8.54
2570 8.55
2571 8.77
2572 8.56
2573 8.74
2574 8.61
2575 8.59
2576 8.52
2577 8.51
2578 8.53
2579 8.52
2580 8.51
2581 8.51
2582 8.52
2583 8.51
2584 8.53
2585 8.54
2586 8.51
2587 8.53
2588 8.56
2589 8.57
2590 8.53
2591 8.52
2592 8.52
2593 8.58
2594 8.84
2595 8.75
2596 13.7
2597 13.8
2598 13.8
2599 19.3
2600 18.7
2601 19.7
2602 18.8
2603 24.2
2604 20.2
2605 13.4
2606 13.2
2607 13.2
2608 13.2
2609 13.1
2610 13.0
2611 13.1
2612 13.1
2613 13.0
2614 13.2
2615 13.0
2616 13.1
2617 13.1
2618 13.1
2619 13.1
2620 13.1
2621 13.3
2622 13.1
2623 13.0
2624 13.1
2625 13.1
2626 13.4
2627 13.1
2628 13.3
2629 13.2
2630 13.2
2631 13.4
2632 14.9
2633 13.2
2634 11.1
2635 11.0
2636 8.95
2637 8.83
2638 8.81
2639 8.79
2640 8.80
2641 8.92
2642 8.84
2643 8.83
2644 8.83
2645 8.89
2646 8.85
2647 8.96
2648 8.88
2649 8.90
2650 8.86
2651 8.90
2652 8.82
2653 8.77
2654 8.71
2655 8.75
2656 8.89
2657 8.79
2658 9.05
2659 8.84
2660 8.81
2661 8.83
2662 8.84
2663 8.97
2664 8.82
2665 8.80
2666 8.81
2667 8.80
2668 8.77
2669 8.98
2670 8.74
2671 14.0
2672 14.0
2673 14.0
2674 18.7
2675 18.7
2676 18.9
2677 18.9
2678 19.0
2679 16.2
2680 13.2
2681 13.1
2682 13.1
2683 13.2
2684 13.1
2685 13.2
2686 13.0
2687 13.1
2688 13.1
2689 13.2
2690 13.1
2691 13.2
2692 13.2
2693 13.4
2694 12.7
2695 13.2
2696 13.1
2697 13.1
2698 13.1
2699 13.3
2700 13.3
2701 13.1
2702 13.1
2703 13.1
2704 13.2
2705 13.2
2706 13.2
2707 13.4
2708 13.4
2709 13.3
2710 13.2
2711 9.17
2712 8.90
2713 8.89
2714 8.98
2715 8.83
2716 8.83
2717 8.95
2718 8.83
2719 8.82
2720 8.83
2721 8.82
2722 9.05
2723 9.02
2724 8.86
2725 8.82
2726 8.82
2727 8.83
2728 8.97
2729 8.82
2730 8.83
2731 8.89
2732 8.83
2733 8.82
2734 8.80
2735 8.80
2736 8.88
2737 8.79
2738 8.79
2739 8.86
2740 8.87
2741 8.86
2742 8.83
2743 9.12
2744 8.94
2745 8.82
2746 8.79
2747 8.73
2748 13.8
2749 13.8
2750 19.2
2751 19.1
2752 19.0
2753 19.1
2754 19.3
2755 16.2
2756 16.3
2757 13.1
2758 13.0
2759 13.0
2760 13.1
2761 13.2
2762 13.2
2763 13.2
2764 13.3
2765 13.1
2766 13.1
2767 13.1
2768 13.0
2769 13.1
2770 13.1
2771 13.2
2772 13.2
2773 13.2
2774 13.1
2775 13.1
2776 13.1
2777 13.0
2778 13.0
2779 13.2
2780 13.3
2781 13.2
2782 13.1
2783 13.2
2784 13.1
2785 13.0
2786 13.2
2787 13.1
2788 13.3
2789 11.3
2790 8.84
2791 8.79
2792 8.82
2793 8.85
2794 8.81
2795 8.88
2796 8.82
2797 8.81
2798 8.91
2799 8.87
2800 8.85
2801 9.00
2802 8.92
2803 8.99
2804 8.93
2805 8.97
2806 8.96
2807 8.83
2808 8.81
2809 8.88
2810 8.85
2811 8.84
2812 8.83
2813 8.82
2814 8.86
2815 8.74
2816 8.66
2817 8.71
2818 8.77
2819 8.70
2820 8.59
2821 8.55
2822 8.64
2823 8.71
2824 8.62
2825 8.53
2826 14.0
2827 13.7
2828 21.4
2829 20.9
2830 18.9
2831 19.3
2832 19.5
2833 18.9
2834 15.9
2835 13.0
2836 12.7
2837 13.1
2838 12.7
2839 12.6
2840 12.7
2841 12.7
2842 12.8
2843 12.7
2844 12.6
2845 12.7
2846 12.8
2847 12.7
2848 12.6
2849 12.8
2850 12.9
2851 12.8
2852 12.6
2853 12.6
2854 13.4
2855 12.8
2856 12.9
2857 12.9
2858 12.8
2859 13.1
2860 12.8
2861 13.5
2862 13.2
2863 12.9
2864 17.6
2865 21.3
2866 13.1
2867 11.3
2868 8.49
2869 8.62
2870 8.56
2871 8.51
2872 8.47
2873 8.52
2874 8.50
2875 8.58
2876 8.57
2877 8.97
2878 8.73
2879 9.14
2880 8.91
2881 8.96
2882 9.52
2883 8.71
2884 8.95
2885 8.66
2886 8.55
2887 8.62
2888 8.55
2889 8.59
2890 8.81
2891 8.82
2892 8.70
2893 8.71
2894 8.66
2895 8.57
2896 8.53
2897 8.61
2898 8.51
2899 8.59
2900 8.67
2901 8.76
2902 8.65
2903 8.77
2904 8.72
2905 8.99
2906 13.7
2907 13.9
2908 13.6
2909 19.6
2910 19.2
2911 19.5
2912 19.0
2913 16.2
2914 13.3
2915 13.1
2916 13.2
2917 13.3
2918 13.6
2919 13.2
2920 12.7
2921 12.7
2922 12.9
2923 13.2
2924 12.9
2925 12.8
2926 12.8
2927 12.9
2928 12.8
2929 13.4
2930 12.9
2931 12.8
2932 13.2
2933 13.3
2934 13.2
2935 13.1
2936 13.3
2937 13.2
2938 13.4
2939 13.4
2940 13.7
2941 13.3
2942 13.2
2943 13.1
2944 18.6
2945 13.6
2946 9.12
2947 8.86
2948 8.86
2949 8.85
2950 8.85
2951 8.87
2952 8.85
2953 8.79
2954 8.66
2955 8.78
2956 8.75
2957 8.55
2958 8.73
2959 9.00
2960 8.80
2961 10.6
2962 8.70
2963 8.81
2964 8.71
2965 8.56
2966 8.59
2967 8.51
2968 8.60
2969 8.58
2970 8.55
2971 8.56
2972 8.55
2973 8.55
2974 8.54
2975 8.55
2976 8.55
2977 8.54
2978 8.56
2979 8.54
2980 8.96
2981 8.77
2982 8.82
2983 8.85
2984 13.7
2985 13.6
2986 13.8
2987 20.4
2988 19.0
2989 21.2
2990 27.4
2991 25.1
2992 19.7
2993 16.1
2994 13.2
2995 13.0
2996 13.0
2997 13.0
2998 13.1
2999 13.1
3000 13.2
3001 13.1
3002 13.2
3003 13.1
3004 13.1
3005 13.2
3006 13.0
3007 13.0
3008 13.2
3009 13.3
3010 13.1
3011 13.2
3012 13.3
3013 13.1
3014 13.3
3015 13.2
3016 13.1
3017 13.1
3018 13.2
3019 13.2
3020 13.1
3021 13.3
3022 13.1
3023 13.1
3024 11.2
3025 8.90
3026 8.80
3027 8.80
3028 8.76
3029 8.80
3030 8.80
3031 9.04
3032 8.81
3033 8.91
3034 9.04
3035 8.84
3036 8.90
3037 8.85
3038 8.90
3039 8.87
3040 9.07
3041 8.71
3042 8.79
3043 8.93
3044 8.89
3045 8.81
3046 8.82
3047 8.81
3048 8.79
3049 8.82
3050 8.79
3051 8.93
3052 8.81
3053 8.79
3054 9.03
3055 8.82
3056 8.79
3057 8.90
3058 9.11
3059 8.82
3060 8.89
3061 8.84
3062 14.0
3063 14.6
3064 18.9
3065 19.1
3066 19.1
3067 18.9
3068 23.2
3069 16.1
3070 16.2
3071 13.2
3072 13.1
3073 13.1
3074 13.0
3075 13.0
3076 13.1
3077 13.0
3078 13.1
3079 13.2
3080 13.1
3081 13.2
3082 13.2
3083 13.1
3084 13.2
3085 13.1
3086 13.1
3087 13.2
3088 13.1
3089 13.1
3090 13.1
3091 13.0
3092 13.1
3093 13.1
3094 13.1
3095 13.6
3096 13.2
3097 13.2
3098 13.3
3099 14.5
3100 15.6
3101 8.70
3102 8.61
3103 8.64
3104 8.71
3105 8.74
3106 8.98
3107 8.62
3108 8.55
3109 8.54
3110 8.58
3111 8.72
3112 8.62
3113 8.70
3114 8.58
3115 8.70
3116 8.64
3117 8.76
3118 8.62
3119 8.61
3120 8.66
3121 8.63
3122 9.01
3123 8.68
3124 8.66
3125 8.84
3126 8.63
3127 8.52
3128 8.52
3129 8.53
3130 8.55
3131 8.51
3132 8.53
3133 8.52
3134 8.51
3135 8.77
3136 8.67
3137 8.89
3138 13.7
3139 13.6
3140 14.0
3141 18.8
3142 19.0
3143 19.6
3144 18.8
3145 25.6
3146 17.1
3147 13.2
3148 13.1
3149 13.0
3150 13.1
3151 13.1
3152 13.1
3153 13.2
3154 13.3
3155 13.3
3156 13.1
3157 13.1
3158 13.1
3159 13.2
3160 13.1
3161 13.2
3162 13.2
3163 13.1
3164 13.1
3165 13.1
3166 13.3
3167 13.1
3168 13.1
3169 13.2
3170 13.4
3171 13.1
3172 13.2
3173 14.1
3174 13.9
3175 15.2
3176 11.0
3177 8.71
3178 8.72
3179 8.64
3180 8.58
3181 8.73
3182 8.67
3183 8.75
3184 8.66
3185 8.73
3186 8.68
3187 8.81
3188 11.2
3189 9.04
3190 9.01
3191 8.81
3192 8.79
3193 8.83
3194 8.96
3195 8.82
3196 8.81
3197 8.79
3198 8.79
3199 8.77
3200 8.86
3201 8.76
3202 8.71
3203 8.73
3204 8.80
3205 8.80
3206 8.78
3207 8.93
3208 8.83
3209 8.84
3210 8.86
3211 8.80
3212 8.75
3213 14.1
3214 13.8
3215 19.0
3216 18.9
3217 19.6
3218 19.0
3219 19.3
3220 16.1
3221 13.2
3222 13.2
3223 13.3
3224 13.2
3225 13.1
3226 13.2
3227 13.1
3228 13.1
3229 13.3
3230 13.2
3231 13.1
3232 13.1
3233 13.1
3234 13.2
3235 13.1
3236 13.1
3237 13.1
3238 13.0
3239 13.2
3240 13.2
3241 13.1
3242 13.2
3243 13.1
3244 13.1
3245 13.2
3246 13.2
3247 13.2
3248 13.3
3249 13.3
3250 13.2
3251 11.2
3252 8.79
3253 8.76
3254 8.77
3255 8.98
3256 8.80
3257 8.79
3258 8.90
3259 8.88
3260 8.86
3261 8.99
3262 8.83
3263 8.76
3264 8.85
3265 9.01
3266 8.85
3267 8.80
3268 8.87
3269 9.09
3270 8.82
3271 8.88
3272 8.98
3273 8.93
3274 8.85
3275 8.82
3276 8.82
3277 8.73
3278 8.80
3279 8.80
3280 8.82
3281 9.09
3282 8.81
3283 8.80
3284 8.78
3285 8.84
3286 8.82
3287 8.86
3288 8.79
3289 15.5
3290 13.9
3291 19.2
3292 19.0
3293 19.1
3294 19.0
3295 24.8
3296 19.0
3297 16.1
3298 13.2
3299 13.1
3300 13.2
3301 13.1
3302 13.1
3303 13.1
3304 13.1
3305 13.2
3306 13.2
3307 13.1
3308 13.1
3309 13.0
3310 13.4
3311 13.2
3312 13.1
3313 13.0
3314 13.3
3315 13.2
3316 13.1
3317 13.2
3318 13.4
3319 13.2
3320 13.0
3321 13.1
3322 13.0
3323 14.3
3324 13.1
3325 13.2
3326 13.2
3327 16.6
3328 15.3
3329 11.2
3330 8.63
3331 8.56
3332 8.59
3333 8.60
3334 8.54
3335 8.54
3336 8.53
3337 8.56
3338 8.59
3339 8.70
3340 8.71
3341 8.61
3342 8.57
3343 8.56
3344 8.63
3345 8.60
3346 8.73
3347 8.59
3348 8.60
3349 8.80
3350 8.88
3351 8.63
3352 8.54
3353 8.53
3354 8.56
3355 8.57
3356 8.52
3357 8.56
3358 8.56
3359 8.61
3360 8.76
3361 8.74
3362 9.05
3363 8.68
3364 8.54
3365 8.51
3366 8.49
3367 8.54
3368 13.8
3369 13.6
3370 18.9
3371 18.6
3372 18.7
3373 19.8
3374 20.0
3375 18.9
3376 13.1
3377 12.8
3378 12.9
3379 12.8
3380 12.7
3381 13.0
3382 12.7
3383 12.8
3384 12.5
3385 12.7
3386 12.6
3387 12.8
3388 13.0
3389 12.7
3390 12.7
3391 13.0
3392 12.9
3393 12.8
3394 12.8
3395 12.9
3396 13.1
3397 13.1
3398 13.0
3399 12.7
3400 13.0
3401 13.0
3402 13.0
3403 12.7
3404 13.0
3405 14.9
3406 13.4
3407 13.1
3408 11.3
3409 8.76
3410 8.69
3411 8.65
3412 8.83
3413 8.70
3414 8.81
3415 8.70
3416 8.68
3417 8.71
3418 8.57
3419 8.74
3420 8.74
3421 8.69
3422 8.84
3423 8.60
3424 8.79
3425 8.55
3426 8.48
3427 8.56
3428 8.58
3429 8.56
3430 8.62
3431 8.59
3432 8.58
3433 8.63
3434 8.65
3435 8.80
3436 9.01
3437 8.68
3438 8.70
3439 8.58
3440 8.59
3441 8.52
3442 8.58
3443 8.87
3444 8.81
3445 9.22
3446 13.9
3447 14.1
3448 19.2
3449 19.0
3450 19.1
3451 19.2
3452 23.2
3453 16.2
3454 16.4
3455 13.2
3456 13.1
3457 13.2
3458 13.1
3459 13.1
3460 13.0
3461 13.0
3462 13.1
3463 13.2
3464 13.1
3465 13.2
3466 13.1
3467 13.1
3468 13.2
3469 13.1
3470 13.0
3471 13.3
3472 13.3
3473 13.3
3474 13.2
3475 13.1
3476 13.2
3477 13.1
3478 13.1
3479 13.4
3480 13.2
3481 13.1
3482 13.2
3483 13.1
3484 13.3
3485 13.2
3486 11.0
3487 8.88
3488 8.83
3489 8.84
3490 8.86
3491 8.89
3492 8.83
3493 8.80
3494 8.94
3495 8.85
3496 8.82
3497 9.04
3498 8.87
3499 8.94
3500 8.93
3501 8.82
3502 8.86
3503 8.78
3504 8.72
3505 8.80
3506 8.83
3507 8.82
3508 8.75
3509 8.82
3510 8.81
3511 8.80
3512 8.81
3513 8.79
3514 9.12
3515 8.83
3516 8.82
3517 9.00
3518 8.82
3519 8.79
3520 9.30
3521 8.92
3522 13.9
3523 14.3
3524 18.8
3525 18.7
3526 18.8
3527 18.9
3528 18.8
3529 16.2
3530 12.8
3531 12.7
3532 12.9
3533 12.9
3534 13.1
3535 12.8
3536 12.9
3537 12.7
3538 12.8
3539 12.7
3540 12.8
3541 12.7
3542 12.9
3543 12.8
3544 13.0
3545 13.1
3546 12.9
3547 12.9
3548 12.8
3549 12.7
3550 12.8
3551 13.0
3552 12.9
3553 12.9
3554 12.7
3555 12.9
3556 12.9
3557 13.5
3558 13.8
3559 11.0
3560 8.68
3561 8.89
3562 8.85
3563 8.65
3564 8.69
3565 9.27
3566 8.76
3567 8.65
3568 8.74
3569 8.76
3570 8.77
3571 8.72
3572 8.73
3573 8.64
3574 8.78
3575 8.90
3576 8.90
3577 8.56
3578 8.60
3579 8.63
3580 8.62
3581 8.55
3582 8.51
3583 8.51
3584 8.62
3585 8.56
3586 8.53
3587 8.52
3588 9.30
3589 8.65
3590 8.55
3591 8.52
3592 8.56
3593 8.51
3594 8.71
3595 8.68
3596 8.65
3597 8.66
3598 13.6
3599 13.6
3600 18.6
3601 19.1
3602 19.0
3603 19.3
3604 19.0
3605 16.7
3606 13.2
3607 13.3
3608 13.1
3609 13.1
3610 13.1
3611 13.4
3612 13.2
3613 13.1
3614 13.1
3615 13.3
3616 13.3
3617 13.2
3618 13.1
3619 13.2
3620 13.2
3621 13.3
3622 13.1
3623 13.2
3624 13.1
3625 13.2
3626 13.1
3627 13.1
3628 13.1
3629 13.1
3630 13.2
3631 13.3
3632 13.3
3633 14.2
3634 12.9
3635 12.9
3636 11.0
3637 11.0
3638 8.62
3639 8.58
3640 8.55
3641 8.50
3642 8.49
3643 8.48
3644 9.85
3645 8.90
3646 8.75
3647 9.21
3648 8.92
3649 8.92
3650 8.88
3651 8.87
3652 8.96
3653 8.81
3654 8.81
3655 8.90
3656 8.82
3657 8.82
3658 8.91
3659 8.90
3660 8.93
3661 8.75
3662 8.82
3663 8.77
3664 8.70
3665 8.71
3666 8.79
3667 8.82
3668 8.74
3669 8.81
3670 8.79
3671 8.97
3672 8.81
3673 13.9
3674 14.0
3675 18.9
3676 19.0
3677 19.2
3678 19.1
3679 32.6
3680 20.7
3681 16.2
3682 13.2
3683 13.1
3684 13.1
3685 13.1
3686 13.2
3687 13.2
3688 13.2
3689 13.1
3690 13.3
3691 13.2
3692 13.1
3693 13.1
3694 13.2
3695 13.3
3696 13.1
3697 13.0
3698 13.1
3699 13.2
3700 12.7
3701 12.7
3702 12.8
3703 13.3
3704 12.9
3705 14.2
3706 13.3
3707 14.9
3708 12.9
3709 13.5
3710 13.2
3711 13.3
3712 11.9
3713 11.1
3714 8.70
3715 8.57
3716 8.64
3717 8.64
3718 8.95
3719 8.67
3720 8.66
3721 8.68
3722 8.75
3723 10.2
3724 10.1
3725 10.6
3726 10.1
3727 8.97
3728 8.65
3729 8.54
3730 8.52
3731 8.51
3732 8.55
3733 8.63
3734 8.63
3735 8.65
3736 8.64
3737 8.46
3738 8.51
3739 8.51
3740 8.53
3741 8.53
3742 8.53
3743 8.55
3744 8.60
3745 8.80
3746 9.13
3747 8.59
3748 8.52
3749 14.0
3750 13.9
3751 13.8
3752 19.1
3753 19.2
3754 21.1
3755 22.7
3756 19.0
3757 16.5
3758 13.0
3759 13.0
3760 12.8
3761 12.9
3762 12.8
3763 12.8
3764 12.8
3765 12.8
3766 12.7
3767 12.7
3768 12.7
3769 12.7
3770 12.7
3771 12.8
3772 12.8
3773 13.1
3774 13.0
3775 15.4
3776 12.9
3777 13.0
3778 14.4
3779 12.8
3780 14.4
3781 14.9
3782 13.2
3783 13.2
3784 13.3
3785 20.6
3786 16.0
3787 10.9
3788 8.60
3789 8.62
3790 8.64
3791 8.66
3792 9.01
3793 8.65
3794 8.59
3795 8.51
3796 8.70
3797 8.52
3798 9.56
3799 8.81
3800 8.58
3801 8.61
3802 8.53
3803 8.55
3804 8.52
3805 8.52
3806 8.53
3807 8.50
3808 8.56
3809 8.59
3810 8.81
3811 8.56
3812 8.51
3813 8.52
3814 8.52
3815 8.51
3816 8.51
3817 8.51
3818 8.54
3819 8.55
3820 8.89
3821 8.83
3822 8.64
3823 8.86
3824 13.9
3825 13.7
3826 18.9
3827 18.8
3828 18.9
3829 18.8
3830 19.0
3831 18.9
3832 16.1
3833 13.0
3834 12.9
3835 13.0
3836 12.9
3837 12.9
3838 12.8
3839 12.8
3840 12.7
3841 12.5
3842 12.7
3843 12.6
3844 12.8
3845 12.7
3846 12.7
3847 12.7
3848 13.1
3849 13.3
3850 13.3
3851 13.2
3852 13.3
3853 13.2
3854 13.1
3855 13.1
3856 13.4
3857 13.2
3858 13.3
3859 13.1
3860 13.2
3861 13.9
3862 13.4
3863 11.1
3864 11.1
3865 8.98
3866 8.84
3867 8.83
3868 8.91
3869 8.83
3870 8.80
3871 9.06
3872 8.87
3873 8.85
3874 9.03
3875 8.80
3876 8.83
3877 8.90
3878 8.96
3879 8.97
3880 8.90
3881 8.80
3882 8.78
3883 8.81
3884 8.83
3885 8.89
3886 8.86
3887 8.83
3888 8.81
3889 8.85
3890 9.01
3891 8.83
3892 8.82
3893 9.10
3894 8.82
3895 8.82
3896 8.85
3897 8.86
3898 8.97
3899 8.86
3900 13.9
3901 13.8
3902 13.9
3903 19.0
3904 19.2
3905 19.1
3906 19.3
3907 31.0
3908 20.9
3909 15.9
3910 12.8
3911 12.8
3912 13.2
3913 13.3
3914 13.4
3915 13.5
3916 13.2
3917 13.8
3918 13.5
3919 13.1
3920 12.8
3921 13.1
3922 13.2
3923 13.1
3924 13.1
3925 13.1
3926 13.1
3927 13.2
3928 13.1
3929 13.3
3930 13.1
3931 13.2
3932 13.1
3933 13.3
3934 13.3
3935 13.2
3936 13.1
3937 13.2
3938 13.1
3939 13.2
3940 13.3
3941 13.2
3942 14.7
3943 17.5
3944 8.73
3945 8.66
3946 8.56
3947 8.58
3948 8.54
3949 8.54
3950 8.54
3951 8.58
3952 8.62
3953 8.60
3954 8.58
3955 8.73
3956 8.92
3957 8.86
3958 8.95
3959 8.92
3960 8.84
3961 8.83
3962 8.84
3963 8.84
3964 8.84
3965 8.84
3966 8.83
3967 8.84
3968 8.84
3969 8.84
3970 8.84
3971 8.83
3972 8.83
3973 8.82
3974 8.83
3975 8.84
3976 8.84
3977 8.90
3978 8.82
3979 8.83
3980 8.85
3981 8.83
3982 8.84
3983 13.9
3984 13.9
3985 19.0
3986 18.9
3987 18.9
3988 19.0
3989 19.1
3990 18.9
3991 15.9
3992 12.8
3993 12.7
3994 12.7
3995 12.7
3996 13.0
3997 13.0
3998 13.0
3999 14.9
4000 14.9
4001 13.3
4002 13.2
4003 13.2
4004 13.7
4005 13.2
4006 13.5
4007 13.2
4008 13.0
4009 12.9
4010 14.3
4011 13.2
4012 13.1
4013 12.7
4014 13.0
4015 13.1
4016 13.3
4017 13.1
4018 12.7
4019 12.9
4020 12.9
4021 13.4
4022 13.8
4023 10.9
4024 8.93
4025 8.84
4026 8.88
4027 8.83
4028 8.85
4029 8.83
4030 8.83
4031 8.82
4032 8.83
4033 8.82
4034 8.84
4035 8.93
4036 8.89
4037 8.95
4038 8.84
4039 8.87
4040 8.74
4041 8.85
4042 8.77
4043 8.78
4044 8.68
4045 8.64
4046 8.66
4047 8.86
4048 8.86
4049 8.85
4050 8.85
4051 8.85
4052 8.84
4053 9.07
4054 8.98
4055 9.08
4056 8.97
4057 8.98
4058 8.87
4059 8.85
4060 14.1
4061 13.9
4062 13.9
4063 18.9
4064 18.9
4065 19.0
4066 19.1
4067 20.6
4068 19.1
4069 19.3
4070 16.3
4071 12.8
4072 12.7
4073 12.8
4074 13.1
4075 13.1
4076 13.1
4077 13.1
4078 13.1
4079 13.1
4080 13.2
4081 13.1
4082 13.1
4083 13.1
4084 13.2
4085 13.6
4086 13.1
4087 13.3
4088 13.2
4089 13.1
4090 13.1
4091 13.3
4092 13.1
4093 13.0
4094 13.0
4095 13.0
4096 13.5
4097 13.0
4098 13.2
4099 13.1
4100 10.8
4101 11.4
4102 8.60
4103 8.56
4104 8.53
4105 8.63
4106 8.70
4107 8.63
4108 8.54
4109 9.06
4110 8.62
4111 8.75
4112 8.60
4113 8.60
4114 9.13
4115 8.77
4116 8.53
4117 8.70
4118 8.52
4119 8.60
4120 8.69
4121 8.84
4122 8.67
4123 8.62
4124 8.53
4125 8.51
4126 8.51
4127 8.65
4128 8.83
4129 8.66
4130 8.65
4131 8.53
4132 8.53
4133 8.56
4134 8.57
4135 8.54
4136 8.54
4137 8.54
4138 8.54
4139 13.5
4140 13.7
4141 13.9
4142 18.9
4143 18.7
4144 18.8
4145 19.3
4146 19.1
4147 16.1
4148 13.3
4149 13.1
4150 13.1
4151 13.1
4152 13.1
4153 13.1
4154 13.1
4155 13.1
4156 13.1
4157 13.1
4158 13.1
4159 13.1
4160 13.1
4161 13.1
4162 13.1
4163 13.1
4164 13.1
4165 13.1
4166 13.1
4167 13.1
4168 13.1
4169 13.2
4170 13.1
4171 13.1
4172 13.1
4173 13.3
4174 13.5
4175 13.1
4176 13.2
4177 13.2
4178 13.2
4179 11.1
4180 8.92
4181 8.81
4182 9.11
4183 8.81
4184 8.81
4185 8.81
4186 8.80
4187 8.81
4188 8.82
4189 8.82
4190 8.80
4191 8.80
4192 8.89
4193 9.01
4194 8.53
4195 8.59
4196 8.56
4197 8.53
4198 8.54
4199 8.58
4200 8.79
4201 9.06
4202 8.61
4203 8.54
4204 8.65
4205 8.53
4206 8.51
4207 8.51
4208 8.62
4209 8.59
4210 8.60
4211 8.58
4212 8.54
4213 8.53
4214 8.54
4215 8.83
4216 8.92
4217 9.02
4218 13.9
4219 13.6
4220 14.3
4221 18.8
4222 18.8
4223 18.9
4224 23.4
4225 24.0
4226 15.9
4227 13.0
4228 13.1
4229 12.8
4230 12.8
4231 12.7
4232 12.7
4233 12.8
4234 12.7
4235 12.8
4236 12.8
4237 12.9
4238 12.8
4239 12.7
4240 12.9
4241 12.8
4242 13.2
4243 13.1
4244 13.1
4245 13.1
4246 13.1
4247 13.2
4248 13.1
4249 13.1
4250 13.1
4251 13.2
4252 13.1
4253 13.8
4254 13.2
4255 13.5
4256 13.2
4257 11.1
4258 9.23
4259 8.87
4260 8.84
4261 8.82
4262 8.82
4263 8.85
4264 8.85
4265 8.84
4266 8.85
4267 9.06
4268 8.89
4269 8.89
4270 8.84
4271 8.98
4272 8.65
4273 8.87
4274 8.91
4275 8.63
4276 8.70
4277 8.97
4278 8.55
4279 8.53
4280 8.52
4281 8.53
4282 8.53
4283 8.55
4284 8.61
4285 8.55
4286 8.58
4287 8.61
4288 8.55
4289 8.60
4290 8.57
4291 8.72
4292 8.99
4293 9.41
4294 13.9
4295 13.8
4296 13.7
4297 13.7
4298 19.2
4299 19.5
4300 20.4
4301 18.9
4302 21.1
4303 18.1
4304 16.2
4305 13.3
4306 13.1
4307 13.2
4308 13.2
4309 13.1
4310 13.1
4311 12.9
4312 12.7
4313 12.9
4314 12.8
4315 12.8
4316 12.8
4317 12.7
4318 12.7
4319 12.7
4320 12.9
4321 12.8
4322 12.9
4323 12.9
4324 12.9
4325 13.1
4326 12.8
4327 13.2
4328 12.9
4329 13.0
4330 12.9
4331 13.0
4332 12.7
4333 13.0
4334 13.0
4335 18.5
4336 12.0
4337 14.9
4338 10.6
4339 8.81
4340 8.66
4341 8.54
4342 8.50
4343 8.56
4344 8.54
4345 8.56
4346 8.60
4347 8.55
4348 8.59
4349 8.64
4350 8.70
4351 8.70
4352 8.63
4353 8.71
4354 8.73
4355 8.56
4356 8.77
4357 8.65
4358 8.70
4359 8.58
4360 8.63
4361 8.59
4362 8.54
4363 8.55
4364 8.49
4365 8.53
4366 8.53
4367 8.53
4368 8.52
4369 8.52
4370 8.55
4371 8.55
4372 8.76
4373 8.78
4374 8.71
4375 14.2
4376 13.9
4377 19.0
4378 18.6
4379 19.1
4380 20.1
4381 19.1
4382 18.9
4383 12.8
4384 12.7
4385 12.8
4386 12.7
4387 12.8
4388 12.9
4389 12.7
4390 12.9
4391 12.7
4392 12.7
4393 12.7
4394 12.7
4395 12.8
4396 12.7
4397 12.8
4398 12.8
4399 12.9
4400 13.9
4401 13.2
4402 13.1
4403 13.2
4404 13.1
4405 13.1
4406 13.3
4407 13.1
4408 13.3
4409 13.5
4410 13.1
4411 13.2
4412 13.1
4413 13.2
4414 13.2
4415 11.0
4416 11.0
4417 8.87
4418 8.83
4419 8.82
4420 8.87
4421 8.92
4422 8.87
4423 8.83
4424 8.88
4425 8.85
4426 8.85
4427 8.85
4428 8.91
4429 8.95
4430 8.87
4431 8.88
4432 8.91
4433 9.06
4434 9.31
4435 8.89
4436 8.88
4437 8.87
4438 8.87
4439 8.85
4440 8.83
4441 8.88
4442 8.83
4443 8.83
4444 8.83
4445 8.82
4446 8.81
4447 8.79
4448 8.95
4449 8.90
4450 8.88
4451 8.79
4452 8.80
4453 8.96
4454 13.6
4455 13.6
4456 13.6
4457 18.7
4458 18.8
4459 20.9
4460 18.8
4461 20.2
4462 16.4
4463 13.2
4464 13.1
4465 13.1
4466 13.1
4467 13.2
4468 13.3
4469 13.2
4470 13.2
4471 13.1
4472 13.2
4473 13.3
4474 13.2
4475 13.3
4476 13.2
4477 13.3
4478 13.1
4479 13.3
4480 13.2
4481 13.3
4482 13.2
4483 13.3
4484 13.1
4485 13.3
4486 13.2
4487 13.5
4488 13.2
4489 13.2
4490 13.2
4491 13.2
4492 13.3
4493 13.2
4494 11.1
4495 9.02
4496 8.89
4497 8.83
4498 8.87
4499 8.89
4500 8.86
4501 8.85
4502 8.85
4503 8.71
4504 8.66
4505 8.61
4506 8.63
4507 9.37
4508 8.73
4509 8.68
4510 8.65
4511 8.54
4512 8.57
4513 8.52
4514 8.53
4515 8.53
4516 8.57
4517 8.56
4518 8.54
4519 8.53
4520 8.54
4521 8.62
4522 8.54
4523 8.53
4524 8.52
4525 8.49
4526 8.48
4527 8.66
4528 9.78
4529 8.63
4530 8.58
4531 8.60
4532 13.7
4533 14.0
4534 13.8
4535 18.9
4536 18.7
4537 18.7
4538 18.8
4539 19.0
4540 15.9
4541 12.8
4542 12.7
4543 12.7
4544 12.9
4545 13.0
4546 12.8
4547 12.9
4548 12.8
4549 12.6
4550 12.7
4551 12.9
4552 12.8
4553 12.7
4554 12.7
4555 12.7
4556 12.9
4557 12.7
4558 13.2
4559 13.1
4560 12.8
4561 13.0
4562 12.7
4563 12.8
4564 12.8
4565 13.1
4566 13.1
4567 13.0
4568 18.3
4569 16.5
4570 18.9
4571 12.8
4572 10.7
4573 8.85
4574 8.80
4575 8.83
4576 8.82
4577 8.81
4578 8.80
4579 8.80
4580 8.84
4581 8.97
4582 8.87
4583 8.89
4584 8.91
4585 8.87
4586 8.88
4587 8.81
4588 8.80
4589 8.84
4590 8.90
4591 8.84
4592 8.84
4593 8.83
4594 8.82
4595 8.82
4596 8.83
4597 8.82
4598 8.82
4599 8.84
4600 8.87
4601 9.00
4602 8.84
4603 10.8
4604 8.82
4605 8.85
4606 8.85
4607 13.9
4608 13.9
4609 19.0
4610 19.0
4611 19.4
4612 22.2
4613 19.0
4614 19.6
4615 14.2
4616 13.2
4617 13.1
4618 13.2
4619 13.1
4620 13.1
4621 13.1
4622 13.1
4623 13.1
4624 13.2
4625 13.1
4626 13.2
4627 13.2
4628 13.3
4629 13.2
4630 13.2
4631 13.2
4632 13.3
4633 13.2
4634 13.3
4635 13.2
4636 13.1
4637 13.2
4638 13.1
4639 13.1
4640 13.2
4641 13.1
4642 13.1
4643 13.1
4644 13.2
4645 13.2
4646 13.1
4647 11.2
4648 8.85
4649 8.78
4650 8.80
4651 8.80
4652 8.79
4653 8.78
4654 8.76
4655 8.85
4656 8.81
4657 8.80
4658 8.80
4659 8.93
4660 8.89
4661 8.89
4662 8.82
4663 8.86
4664 8.80
4665 8.84
4666 8.85
4667 8.80
4668 8.81
4669 8.82
4670 8.81
4671 8.82
4672 8.81
4673 8.80
4674 8.80
4675 8.76
4676 8.85
4677 8.82
4678 8.81
4679 8.81
4680 8.81
4681 8.81
4682 8.82
4683 8.79
4684 13.9
4685 13.8
4686 13.8
4687 19.0
4688 18.8
4689 20.2
4690 19.7
4691 23.1
4692 19.2
4693 16.1
4694 12.8
4695 12.7
4696 12.7
4697 12.8
4698 12.9
4699 12.7
4700 12.7
4701 12.7
4702 12.8
4703 12.8
4704 12.7
4705 12.7
4706 12.8
4707 12.8
4708 13.1
4709 13.0
4710 13.2
4711 12.8
4712 13.4
4713 12.9
4714 12.9
4715 12.9
4716 12.8
4717 12.9
4718 13.2
4719 14.1
4720 12.8
4721 13.2
4722 13.1
4723 13.2
4724 13.2
4725 13.2
4726 11.9
4727 11.2
4728 8.89
4729 8.58
4730 8.58
4731 8.52
4732 8.56
4733 8.56
4734 8.50
4735 8.54
4736 8.60
4737 8.67
4738 8.86
4739 9.12
4740 8.64
4741 8.75
4742 8.55
4743 8.57
4744 8.62
4745 8.55
4746 8.64
4747 8.83
4748 8.84
4749 8.81
4750 8.82
4751 8.87
4752 9.21
4753 8.84
4754 8.83
4755 8.82
4756 8.83
4757 8.81
4758 8.81
4759 8.79
4760 8.82
4761 8.87
4762 8.98
4763 8.83
4764 8.82
4765 14.0
4766 13.7
4767 13.9
4768 19.0
4769 19.0
4770 18.6
4771 20.3
4772 21.4
4773 18.8
4774 16.6
4775 13.3
4776 13.1
4777 12.8
4778 12.8
4779 12.7
4780 12.9
4781 12.8
4782 13.0
4783 12.9
4784 12.7
4785 12.8
4786 12.9
4787 12.7
4788 12.9
4789 12.9
4790 12.9
4791 13.1
4792 12.7
4793 13.0
4794 12.9
4795 13.7
4796 12.9
4797 13.2
4798 13.2
4799 13.1
4800 12.9
4801 13.0
4802 12.8
4803 12.8
4804 13.0
4805 12.9
4806 12.8
4807 14.2
4808 13.1
4809 13.1
4810 10.8
4811 8.68
4812 8.53
4813 8.57
4814 8.54
4815 8.52
4816 8.49
4817 8.48
4818 8.51
4819 8.52
4820 8.54
4821 8.55
4822 8.81
4823 8.58
4824 8.77
4825 8.51
4826 8.51
4827 8.92
4828 8.52
4829 8.52
4830 8.55
4831 8.58
4832 8.86
4833 8.54
4834 8.81
4835 8.65
4836 8.61
4837 8.52
4838 8.94
4839 8.66
4840 8.66
4841 8.60
4842 9.10
4843 8.57
4844 8.73
4845 8.58
4846 8.92
4847 13.9
4848 13.5
4849 18.7
4850 18.7
4851 18.7
4852 19.0
4853 19.3
4854 20.7
4855 16.1
4856 13.1
4857 13.1
4858 13.2
4859 13.1
4860 13.1
4861 13.0
4862 12.8
4863 12.8
4864 12.8
4865 12.6
4866 12.7
4867 12.7
4868 12.8
4869 12.7
4870 12.8
4871 15.9
4872 13.0
4873 12.8
4874 13.7
4875 13.1
4876 12.8
4877 13.2
4878 12.9
4879 13.1
4880 16.3
4881 12.8
4882 12.9
4883 19.2
4884 13.0
4885 13.0
4886 10.8
4887 8.70
4888 8.52
4889 8.53
4890 8.62
4891 8.70
4892 8.72
4893 8.83
4894 8.89
4895 8.67
4896 8.72
4897 8.86
4898 9.65
4899 9.01
4900 8.89
4901 8.90
4902 8.88
4903 8.87
4904 8.85
4905 8.84
4906 8.82
4907 8.82
4908 8.83
4909 8.94
4910 8.84
4911 8.84
4912 8.84
4913 8.84
4914 8.85
4915 8.83
4916 8.82
4917 8.82
4918 8.82
4919 8.86
4920 8.99
4921 8.84
4922 8.83
4923 8.84
4924 14.1
4925 14.3
4926 19.1
4927 19.2
4928 21.7
4929 18.9
4930 21.1
4931 17.8
4932 12.7
4933 12.9
4934 12.8
4935 13.0
4936 12.8
4937 12.7
4938 12.7
4939 12.7
4940 12.7
4941 12.7
4942 12.7
4943 12.9
4944 12.8
4945 12.7
4946 12.7
4947 13.0
4948 12.8
4949 13.4
4950 13.1
4951 13.4
4952 13.4
4953 13.5
4954 13.2
4955 14.7
4956 12.9
4957 13.0
4958 13.6
4959 13.5
4960 12.9
4961 13.3
4962 12.9
4963 16.2
4964 10.8
4965 10.6
4966 8.58
4967 8.59
4968 8.63
4969 8.57
4970 8.53
4971 8.52
4972 8.49
4973 10.7
4974 8.66
4975 13.9
4976 9.01
4977 8.73
4978 8.84
4979 9.12
4980 8.91
4981 8.84
4982 8.84
4983 8.84
4984 8.84
4985 8.84
4986 8.84
4987 8.84
4988 8.83
4989 8.82
4990 8.82
4991 8.81
4992 8.85
4993 8.85
4994 8.84
4995 8.84
4996 8.84
4997 8.86
4998 8.88
4999 8.85
5000 8.88
5001 14.1
5002 13.9
5003 19.1
5004 18.9
5005 19.1
5006 20.5
5007 19.3
5008 16.2
5009 13.1
5010 13.0
5011 13.2
5012 13.0
5013 12.8
5014 12.8
5015 12.7
5016 12.8
5017 12.8
5018 12.9
5019 12.8
5020 13.7
5021 13.2
5022 13.2
5023 13.2
5024 13.1
5025 13.1
5026 13.1
5027 13.1
5028 13.5
5029 21.1
5030 16.0
5031 13.1
5032 13.8
5033 14.1
5034 13.8
5035 13.1
5036 14.6
5037 13.5
5038 13.3
5039 13.2
5040 11.1
5041 8.95
5042 8.81
5043 9.13
5044 8.78
5045 8.83
5046 8.92
5047 8.80
5048 8.81
5049 8.80
5050 8.91
5051 8.90
5052 8.89
5053 8.85
5054 8.78
5055 8.80
5056 8.79
5057 8.95
5058 8.81
5059 8.79
5060 8.78
5061 8.77
5062 9.00
5063 8.81
5064 8.83
5065 8.80
5066 8.87
5067 8.86
5068 8.81
5069 8.90
5070 8.89
5071 8.81
5072 8.81
5073 8.81
5074 8.81
5075 13.9
5076 13.8
5077 13.9
5078 13.9
5079 19.0
5080 19.1
5081 19.1
5082 19.0
5083 19.6
5084 16.1
5085 13.1
5086 13.1
5087 13.2
5088 13.0
5089 12.9
5090 12.7
5091 12.9
5092 12.9
5093 12.8
5094 13.0
5095 12.8
5096 12.9
5097 12.8
5098 13.1
5099 13.7
5100 12.8
5101 12.8
5102 12.9
5103 12.7
5104 12.8
5105 12.7
5106 12.8
5107 12.9
5108 13.2
5109 13.2
5110 14.6
5111 14.0
5112 13.5
5113 13.2
5114 13.3
5115 13.3
5116 11.0
5117 8.89
5118 9.27
5119 8.85
5120 8.85
5121 8.68
5122 8.55
5123 8.54
5124 8.56
5125 8.57
5126 8.64
5127 8.58
5128 8.78
5129 10.6
5130 9.42
5131 9.02
5132 8.85
5133 8.84
5134 8.86
5135 8.92
5136 8.86
5137 8.83
5138 8.83
5139 8.83
5140 8.84
5141 8.82
5142 8.87
5143 8.85
5144 8.84
5145 8.83
5146 8.81
5147 8.83
5148 8.98
5149 8.82
5150 8.82
5151 8.84
5152 8.84
5153 8.89
5154 8.85
5155 14.0
5156 14.2
5157 13.9
5158 19.0
5159 19.0
5160 19.1
5161 19.9
5162 19.2
5163 19.3
5164 16.2
5165 13.0
5166 13.2
5167 13.3
5168 13.1
5169 13.1
5170 13.1
5171 13.1
5172 13.4
5173 13.3
5174 13.1
5175 13.1
5176 13.2
5177 13.2
5178 13.4
5179 13.1
5180 13.1
5181 13.1
5182 13.3
5183 13.4
5184 13.2
5185 13.1
5186 13.3
5187 13.2
5188 13.1
5189 13.2
5190 13.3
5191 13.2
5192 13.3
5193 13.2
5194 13.2
5195 13.2
5196 13.3
5197 11.1
5198 8.98
5199 8.88
5200 8.91
5201 8.87
5202 8.87
5203 8.86
5204 8.87
5205 9.04
5206 8.90
5207 8.90
5208 8.88
5209 8.86
5210 8.91
5211 8.85
5212 8.54
5213 8.51
5214 8.56
5215 8.51
5216 8.51
5217 8.50
5218 8.52
5219 8.52
5220 8.51
5221 8.75
5222 8.87
5223 8.71
5224 8.69
5225 8.68
5226 8.58
5227 8.52
5228 8.52
5229 8.53
5230 9.01
5231 8.85
5232 8.83
5233 14.0
5234 13.9
5235 19.0
5236 19.1
5237 19.0
5238 19.3
5239 19.1
5240 18.9
5241 16.3
5242 13.2
5243 13.1
5244 13.1
5245 12.8
5246 12.7
5247 12.7
5248 12.7
5249 12.7
5250 12.7
5251 12.7
5252 12.7
5253 12.7
5254 12.6
5255 12.7
5256 12.9
5257 12.8
5258 14.0
5259 14.3
5260 13.0
5261 13.6
5262 13.6
5263 12.9
5264 12.9
5265 12.9
5266 14.5
5267 12.8
5268 12.7
5269 13.0
5270 16.9
5271 13.7
5272 11.0
5273 8.84
5274 8.71
5275 8.67
5276 8.68
5277 8.77
5278 8.73
5279 8.88
5280 8.67
5281 8.85
5282 8.73
5283 8.90
5284 8.74
5285 8.86
5286 8.71
5287 8.67
5288 8.67
5289 8.67
5290 8.89
5291 8.71
5292 8.68
5293 8.95
5294 8.70
5295 8.68
5296 8.66
5297 8.65
5298 8.67
5299 8.66
5300 8.88
5301 8.66
5302 8.71
5303 8.69
5304 8.85
5305 8.71
5306 8.76
5307 8.88
5308 13.6
5309 13.8
5310 13.9
5311 18.6
5312 18.7
5313 18.8
5314 18.8
5315 18.9
5316 15.8
5317 12.8
5318 12.6
5319 12.9
5320 12.7
5321 12.6
5322 12.7
5323 12.9
5324 12.9
5325 12.7
5326 12.9
5327 12.7
5328 12.6
5329 12.7
5330 12.8
5331 12.7
5332 12.7
5333 12.7
5334 12.7
5335 12.8
5336 12.8
5337 12.7
5338 17.4
5339 13.1
5340 13.1
5341 13.6
5342 13.2
5343 13.0
5344 13.7
5345 13.0
5346 13.1
5347 11.1
5348 8.67
5349 9.23
5350 8.81
5351 8.81
5352 8.80
5353 8.88
5354 8.90
5355 8.83
5356 8.83
5357 8.82
5358 8.93
5359 9.03
5360 8.94
5361 9.15
5362 8.88
5363 8.81
5364 9.01
5365 8.85
5366 8.84
5367 9.18
5368 8.84
5369 8.94
5370 8.85
5371 8.84
5372 8.83
5373 8.83
5374 8.95
5375 8.85
5376 8.84
5377 8.83
5378 8.83
5379 8.94
5380 8.86
5381 8.84
5382 8.88
5383 8.82
5384 8.84
5385 14.0
5386 13.8
5387 13.9
5388 19.1
5389 19.0
5390 19.2
5391 19.1
5392 19.2
5393 16.4
5394 13.2
5395 13.2
5396 13.2
5397 13.4
5398 13.2
5399 13.2
5400 13.1
5401 13.3
5402 13.2
5403 13.2
5404 13.2
5405 13.2
5406 13.1
5407 13.3
5408 13.1
5409 13.2
5410 13.2
5411 13.1
5412 13.1
5413 13.3
5414 13.1
5415 13.1
5416 13.1
5417 13.2
5418 13.2
5419 13.2
5420 13.2
5421 13.1
5422 13.2
5423 13.1
5424 13.2
5425 11.0
5426 8.93
5427 8.99
5428 8.84
5429 8.84
5430 8.81
5431 8.88
5432 8.85
5433 8.85
5434 8.83
5435 8.80
5436 8.90
5437 8.87
5438 8.84
5439 8.96
5440 8.94
5441 8.85
5442 8.93
5443 8.83
5444 8.86
5445 9.03
5446 8.85
5447 8.82
5448 8.87
5449 9.09
5450 8.91
5451 8.87
5452 8.88
5453 9.20
5454 8.93
5455 8.92
5456 8.85
5457 8.84
5458 8.83
5459 8.82
5460 8.97
5461 8.87
5462 8.85
5463 14.0
5464 13.8
5465 19.0
5466 19.0
5467 19.1
5468 19.1
5469 19.1
5470 16.2
5471 13.3
5472 13.0
5473 13.3
5474 13.1
5475 13.1
5476 13.1
5477 13.2
5478 13.2
5479 13.2
5480 13.2
5481 13.1
5482 13.1
5483 13.2
5484 13.2
5485 13.3
5486 13.3
5487 13.1
5488 13.2
5489 13.3
5490 13.0
5491 13.2
5492 13.2
5493 20.3
5494 19.5
5495 13.0
5496 13.1
5497 18.3
5498 16.1
5499 11.4
5500 11.3
5501 8.57
5502 8.53
5503 8.55
5504 8.64
5505 8.69
5506 8.74
5507 8.87
5508 8.65
5509 8.81
5510 9.37
5511 8.87
5512 8.74
5513 9.07
5514 8.70
5515 8.53
5516 8.53
5517 8.52
5518 8.60
5519 8.57
5520 8.53
5521 8.55
5522 8.65
5523 8.88
5524 8.67
5525 8.95
5526 8.68
5527 8.67
5528 8.67
5529 8.67
5530 8.87
5531 8.67
5532 8.84
5533 8.66
5534 9.17
5535 8.90
5536 8.72
5537 13.7
5538 14.0
5539 21.1
5540 21.3
5541 20.7
5542 19.4
5543 19.4
5544 19.4
5545 12.9
5546 12.8
5547 12.9
5548 12.9
5549 12.9
5550 12.8
5551 12.8
5552 12.8
5553 12.7
5554 12.8
5555 12.8
5556 12.9
5557 12.8
5558 12.8
5559 12.8
5560 12.8
5561 12.8
5562 13.5
5563 13.1
5564 13.0
5565 12.9
5566 13.2
5567 13.0
5568 13.7
5569 14.9
5570 12.7
5571 14.2
5572 13.7
5573 17.4
5574 11.1
5575 10.8
5576 8.68
5577 8.90
5578 8.55
5579 8.51
5580 8.54
5581 8.67
5582 8.69
5583 9.57
5584 8.89
5585 9.00
5586 11.6
5587 9.01
5588 8.62
5589 8.68
5590 8.74
5591 8.70
5592 8.63
5593 8.55
5594 8.54
5595 8.55
5596 8.54
5597 8.52
5598 8.52
5599 8.51
5600 8.51
5601 8.52
5602 8.55
5603 8.64
5604 8.73
5605 8.97
5606 8.50
5607 8.53
5608 8.65
5609 8.63
5610 8.77
5611 13.6
5612 14.2
5613 20.2
5614 19.0
5615 20.2
5616 19.6
5617 17.3
5618 15.3
5619 13.1
5620 12.8
5621 13.1
5622 12.9
5623 12.9
5624 12.7
5625 12.9
5626 12.8
5627 12.7
5628 12.9
5629 12.7
5630 12.8
5631 12.7
5632 12.7
5633 12.8
5634 13.0
5635 13.3
5636 13.2
5637 13.0
5638 12.8
5639 12.8
5640 12.8
5641 12.9
5642 13.2
5643 13.2
5644 13.3
5645 13.2
5646 13.2
5647 13.1
5648 13.2
5649 13.1
5650 11.0
5651 11.1
5652 8.85
5653 8.80
5654 8.83
5655 8.81
5656 8.87
5657 8.84
5658 8.83
5659 8.62
5660 8.56
5661 8.55
5662 8.55
5663 8.53
5664 11.3
5665 8.91
5666 9.36
5667 8.86
5668 8.93
5669 8.85
5670 8.84
5671 8.83
5672 8.82
5673 8.86
5674 9.04
5675 8.85
5676 8.85
5677 8.84
5678 8.83
5679 8.93
5680 8.88
5681 8.98
5682 8.84
5683 8.83
5684 8.90
5685 8.85
5686 8.84
5687 8.85
5688 8.84
5689 13.9
5690 13.9
5691 19.2
5692 18.9
5693 19.2
5694 19.2
5695 19.4
5696 16.2
5697 16.3
5698 13.3
5699 13.2
5700 13.1
5701 13.3
5702 13.1
5703 13.1
5704 13.1
5705 13.2
5706 13.1
5707 13.4
5708 13.2
5709 13.1
5710 13.2
5711 13.3
5712 13.2
5713 13.2
5714 13.1
5715 13.3
5716 13.1
5717 13.3
5718 13.1
5719 13.2
5720 13.1
5721 13.3
5722 13.6
5723 13.2
5724 13.3
5725 13.2
5726 14.3
5727 13.6
5728 13.2
5729 11.2
5730 8.91
5731 8.88
5732 8.84
5733 8.82
5734 8.86
5735 8.85
5736 9.44
5737 8.82
5738 8.85
5739 8.84
5740 8.92
5741 8.96
5742 8.87
5743 8.96
5744 8.90
5745 8.85
5746 8.82
5747 8.99
5748 8.84
5749 8.82
5750 8.81
5751 8.88
5752 8.85
5753 8.84
5754 8.84
5755 8.83
5756 8.89
5757 8.98
5758 8.86
5759 8.82
5760 8.83
5761 8.83
5762 8.84
5763 8.95
5764 8.98
5765 8.98
5766 14.0
5767 13.9
5768 18.9
5769 19.1
5770 19.0
5771 19.0
5772 19.9
5773 19.2
5774 13.3
5775 13.2
5776 13.3
5777 13.1
5778 13.3
5779 13.2
5780 13.3
5781 13.1
5782 13.2
5783 13.1
5784 13.3
5785 13.2
5786 13.2
5787 13.2
5788 13.2
5789 13.2
5790 13.4
5791 13.2
5792 13.1
5793 13.1
5794 13.2
5795 13.1
5796 13.3
5797 13.4
5798 13.3
5799 13.4
5800 13.3
5801 13.4
5802 13.2
5803 11.1
5804 11.0
5805 8.87
5806 8.81
5807 8.82
5808 8.94
5809 8.83
5810 8.83
5811 8.83
5812 8.99
5813 9.05
5814 8.85
5815 8.92
5816 8.98
5817 8.93
5818 8.92
5819 8.91
5820 8.87
5821 8.84
5822 9.17
5823 9.06
5824 8.82
5825 8.83
5826 8.84
5827 9.02
5828 8.85
5829 8.83
5830 8.85
5831 8.94
5832 8.86
5833 8.85
5834 8.84
5835 8.83
5836 8.82
5837 8.82
5838 9.05
5839 8.85
5840 8.88
5841 13.9
5842 19.1
5843 19.0
5844 19.1
5845 19.0
5846 19.1
5847 19.2
5848 16.2
5849 13.3
5850 13.3
5851 13.1
5852 13.1
5853 13.1
5854 13.1
5855 13.0
5856 13.1
5857 13.1
5858 13.2
5859 13.1
5860 13.3
5861 13.3
5862 13.3
5863 13.1
5864 13.3
5865 13.1
5866 13.2
5867 13.2
5868 13.3
5869 13.3
5870 13.2
5871 13.1
5872 13.5
5873 13.1
5874 13.2
5875 13.4
5876 13.3
5877 13.2
5878 11.2
5879 9.12
5880 8.79
5881 8.81
5882 8.81
5883 8.84
5884 8.84
5885 8.84
5886 8.82
5887 8.83
5888 8.81
5889 8.95
5890 8.88
5891 8.86
5892 8.95
5893 8.89
5894 8.86
5895 9.45
5896 8.75
5897 8.75
5898 8.74
5899 8.74
5900 8.83
5901 8.84
5902 8.83
5903 8.83
5904 8.92
5905 8.84
5906 8.83
5907 8.82
5908 8.84
5909 8.95
5910 8.87
5911 8.85
5912 8.84
5913 8.84
5914 8.82
5915 8.97
5916 13.9
5917 13.9
5918 18.9
5919 18.6
5920 18.8
5921 18.8
5922 23.6
5923 15.8
5924 13.0
5925 12.9
5926 12.8
5927 12.7
5928 12.8
5929 12.7
5930 12.9
5931 12.8
5932 12.7
5933 12.7
5934 12.7
5935 12.6
5936 12.6
5937 12.7
5938 12.8
5939 13.3
5940 12.7
5941 12.7
5942 13.2
5943 13.0
5944 12.9
5945 13.0
5946 13.4
5947 14.2
5948 12.9
5949 18.0
5950 14.5
5951 13.2
5952 13.1
5953 11.0
5954 8.98
5955 8.84
5956 8.81
5957 8.80
5958 8.82
5959 8.93
5960 8.81
5961 8.79
5962 8.79
5963 8.80
5964 8.98
5965 8.89
5966 8.87
5967 9.01
5968 8.83
5969 8.82
5970 8.82
5971 8.84
5972 8.93
5973 8.89
5974 8.83
5975 8.84
5976 8.84
5977 8.82
5978 8.92
5979 8.83
5980 8.83
5981 8.77
5982 8.85
5983 8.71
5984 8.80
5985 8.88
5986 8.96
5987 8.79
5988 8.73
5989 13.9
5990 13.8
5991 13.8
5992 18.9
5993 19.1
5994 19.2
5995 18.9
5996 19.2
5997 18.6
5998 13.1
5999 12.7
6000 12.7
6001 12.9
6002 12.6
6003 12.8
6004 12.6
6005 12.8
6006 12.7
6007 12.7
6008 12.7
6009 12.7
6010 12.7
6011 12.7
6012 12.8
6013 12.7
6014 12.7
6015 12.8
6016 12.7
6017 12.7
6018 12.7
6019 13.7
6020 12.7
6021 12.7
6022 13.2
6023 12.8
6024 12.7
6025 12.7
6026 12.8
6027 13.3
6028 13.2
6029 12.6
6030 11.5
6031 8.59
6032 8.53
6033 8.52
6034 8.54
6035 8.52
6036 8.52
6037 8.67
6038 9.19
6039 8.74
6040 8.79
6041 8.82
6042 8.68
6043 8.87
6044 8.55
6045 8.55
6046 8.55
6047 8.51
6048 8.51
6049 8.51
6050 8.53
6051 8.55
6052 8.54
6053 8.76
6054 8.74
6055 8.88
6056 8.68
6057 8.87
6058 8.67
6059 8.91
6060 8.67
6061 8.95
6062 8.68
6063 8.85
6064 8.71
6065 8.69
6066 8.69
6067 13.6
6068 13.5
6069 18.9
6070 18.6
6071 18.6
6072 18.7
6073 22.1
6074 22.4
6075 18.9
6076 16.0
6077 12.9
6078 12.8
6079 12.8
6080 12.8
6081 12.8
6082 12.7
6083 13.0
6084 13.0
6085 12.9
6086 12.7
6087 12.8
6088 12.8
6089 12.7
6090 12.7
6091 12.8
6092 12.8
6093 12.7
6094 13.2
6095 13.3
6096 13.0
6097 12.9
6098 12.9
6099 12.9
6100 12.8
6101 13.2
6102 12.9
6103 12.9
6104 13.0
6105 13.7
6106 13.3
6107 11.1
6108 8.90
6109 8.82
6110 8.81
6111 8.81
6112 8.85
6113 8.90
6114 8.85
6115 8.83
6116 8.83
6117 8.88
6118 9.01
6119 8.94
6120 8.99
6121 8.94
6122 8.83
6123 8.82
6124 8.89
6125 8.83
6126 8.85
6127 8.83
6128 8.85
6129 9.01
6130 8.84
6131 8.83
6132 8.84
6133 9.03
6134 8.85
6135 8.82
6136 8.82
6137 8.85
6138 8.86
6139 8.85
6140 8.84
6141 8.83
6142 9.02
6143 8.90
6144 8.84
6145 13.9
6146 13.9
6147 19.1
6148 19.1
6149 19.0
6150 19.1
6151 19.1
6152 19.2
6153 13.6
6154 13.4
6155 13.1
6156 13.1
6157 13.2
6158 13.3
6159 13.1
6160 13.1
6161 13.3
6162 13.3
6163 13.1
6164 13.1
6165 13.2
6166 13.2
6167 13.1
6168 13.1
6169 13.2
6170 13.2
6171 13.2
6172 13.3
6173 13.2
6174 13.2
6175 13.1
6176 13.2
6177 13.2
6178 13.3
6179 13.3
6180 13.1
6181 14.0
6182 12.9
6183 13.0
6184 10.9
6185 8.67
6186 8.71
6187 8.93
6188 8.66
6189 8.66
6190 8.68
6191 8.87
6192 8.77
6193 8.92
6194 8.62
6195 10.4
6196 8.74
6197 8.87
6198 8.69
6199 8.91
6200 8.67
6201 8.68
6202 8.67
6203 8.88
6204 8.68
6205 8.75
6206 8.70
6207 8.76
6208 8.93
6209 8.89
6210 8.59
6211 8.60
6212 8.55
6213 8.52
6214 8.53
6215 8.52
6216 8.53
6217 8.80
6218 9.05
6219 8.78
6220 8.77
6221 13.7
6222 13.5
6223 18.7
6224 18.8
6225 18.9
6226 18.9
6227 18.8
6228 16.6
6229 13.2
6230 13.2
6231 13.1
6232 13.1
6233 13.1
6234 13.6
6235 13.2
6236 13.2
6237 13.2
6238 13.1
6239 13.2
6240 13.2
6241 13.1
6242 13.1
6243 13.2
6244 13.1
6245 13.1
6246 13.3
6247 13.1
6248 13.2
6249 13.2
6250 13.3
6251 13.0
6252 13.1
6253 13.6
6254 14.4
6255 14.1
6256 14.2
6257 16.1
6258 13.2
6259 13.4
6260 11.0
6261 8.88
6262 9.10
6263 8.85
6264 8.83
6265 8.81
6266 8.95
6267 8.84
6268 8.83
6269 8.92
6270 8.86
6271 8.93
6272 8.92
6273 8.94
6274 8.92
6275 8.84
6276 8.70
6277 8.75
6278 8.93
6279 8.66
6280 8.74
6281 8.72
6282 8.76
6283 8.64
6284 8.57
6285 8.56
6286 8.64
6287 8.56
6288 8.55
6289 8.59
6290 8.57
6291 8.53
6292 8.58
6293 8.78
6294 9.05
6295 9.10
6296 13.7
6297 14.4
6298 14.0
6299 18.8
6300 18.7
6301 19.0
6302 20.1
6303 19.0
6304 19.0
6305 16.1
6306 12.8
6307 12.7
6308 12.6
6309 12.7
6310 12.7
6311 12.7
6312 12.7
6313 12.7
6314 12.7
6315 12.6
6316 12.6
6317 12.7
6318 12.8
6319 12.8
6320 12.8
6321 12.8
6322 13.0
6323 13.0
6324 12.9
6325 13.1
6326 12.9
6327 12.7
6328 13.2
6329 13.2
6330 13.6
6331 12.9
6332 13.0
6333 19.6
6334 13.2
6335 11.2
6336 11.1
6337 8.90
6338 8.89
6339 8.74
6340 8.74
6341 8.73
6342 8.73
6343 8.74
6344 8.83
6345 8.87
6346 8.77
6347 8.75
6348 8.94
6349 8.83
6350 9.17
6351 8.89
6352 8.84
6353 8.86
6354 8.80
6355 8.82
6356 9.01
6357 8.99
6358 8.85
6359 8.77
6360 8.80
6361 8.80
6362 8.85
6363 8.97
6364 8.95
6365 8.86
6366 8.86
6367 8.88
6368 8.84
6369 8.82
6370 8.89
6371 8.78
6372 8.80
6373 14.2
6374 13.8
6375 13.8
6376 19.0
6377 19.1
6378 19.1
6379 19.2
6380 16.4
6381 13.4
6382 13.1
6383 13.4
6384 13.1
6385 13.2
6386 13.2
6387 13.2
6388 13.1
6389 13.1
6390 13.2
6391 13.3
6392 13.1
6393 13.2
6394 13.2
6395 13.2
6396 13.2
6397 13.2
6398 13.2
6399 13.1
6400 17.1
6401 13.2
6402 13.1
6403 13.0
6404 13.3
6405 13.3
6406 13.1
6407 13.1
6408 13.2
6409 13.0
6410 13.3
6411 11.3
6412 8.97
6413 8.79
6414 8.74
6415 8.76
6416 8.74
6417 8.73
6418 8.73
6419 8.81
6420 8.83
6421 8.97
6422 8.90
6423 9.07
6424 8.93
6425 8.87
6426 8.93
6427 8.83
6428 9.41
6429 8.86
6430 8.82
6431 8.87
6432 8.87
6433 8.84
6434 8.78
6435 8.82
6436 8.85
6437 8.84
6438 9.04
6439 8.82
6440 8.80
6441 8.72
6442 8.80
6443 8.72
6444 8.96
6445 8.84
6446 8.86
6447 14.0
6448 13.9
6449 14.0
6450 19.0
6451 19.0
6452 19.1
6453 19.0
6454 19.5
6455 19.3
6456 16.2
6457 13.1
6458 13.1
6459 13.0
6460 13.4
6461 13.0
6462 13.3
6463 13.1
6464 13.3
6465 13.1
6466 13.0
6467 13.1
6468 13.1
6469 13.1
6470 13.2
6471 13.2
6472 13.4
6473 13.3
6474 13.3
6475 13.2
6476 13.2
6477 13.2
6478 13.1
6479 13.2
6480 13.1
6481 13.0
6482 13.2
6483 13.2
6484 13.3
6485 13.3
6486 11.0
6487 8.96
6488 8.88
6489 8.83
6490 8.75
6491 8.78
6492 8.84
6493 8.87
6494 8.88
6495 8.87
6496 8.78
6497 8.81
6498 8.88
6499 8.86
6500 8.97
6501 8.87
6502 8.84
6503 8.93
6504 8.98
6505 8.82
6506 8.78
6507 8.79
6508 8.86
6509 8.83
6510 9.00
6511 8.96
6512 8.81
6513 8.78
6514 8.77
6515 8.82
6516 8.89
6517 8.84
6518 8.60
6519 8.55
6520 8.54
6521 8.65
6522 8.56
6523 8.57
6524 13.8
6525 13.9
6526 18.8
6527 18.8
6528 18.9
6529 18.9
6530 20.4
6531 19.7
6532 13.4
6533 13.0
6534 13.0
6535 13.1
6536 13.2
6537 13.3
6538 13.1
6539 13.3
6540 12.9
6541 12.7
6542 12.7
6543 12.7
6544 12.7
6545 12.9
6546 12.7
6547 13.1
6548 13.1
6549 13.2
6550 13.3
6551 13.3
6552 13.1
6553 13.2
6554 13.1
6555 12.9
6556 13.1
6557 13.2
6558 13.3
6559 13.1
6560 13.7
6561 13.1
6562 13.3
6563 13.2
6564 9.01
6565 9.11
6566 8.78
6567 8.74
6568 8.74
6569 8.73
6570 8.78
6571 8.72
6572 8.74
6573 8.94
6574 8.86
6575 8.87
6576 9.20
6577 8.90
6578 8.83
6579 8.79
6580 9.10
6581 8.84
6582 8.83
6583 8.75
6584 8.83
6585 8.82
6586 8.97
6587 8.85
6588 8.75
6589 8.74
6590 8.74
6591 8.73
6592 8.74
6593 8.81
6594 8.80
6595 8.95
6596 8.84
6597 8.94
6598 8.95
6599 8.95
6600 14.1
6601 13.9
6602 19.0
6603 18.9
6604 19.8
6605 19.1
6606 23.0
6607 19.2
6608 14.0
6609 13.1
6610 13.3
6611 13.3
6612 13.1
6613 13.1
6614 13.2
6615 13.1
6616 13.1
6617 13.6
6618 13.1
6619 13.0
6620 13.1
6621 13.2
6622 13.2
6623 13.1
6624 13.1
6625 13.3
6626 13.2
6627 13.1
6628 13.0
6629 13.1
6630 13.1
6631 13.0
6632 13.0
6633 13.3
6634 13.1
6635 13.2
6636 13.7
6637 13.5
6638 13.2
6639 11.0
6640 11.0
6641 8.97
6642 8.91
6643 8.84
6644 8.79
6645 8.84
6646 8.90
6647 8.84
6648 8.84
6649 8.95
6650 8.77
6651 8.89
6652 8.76
6653 9.14
6654 8.79
6655 8.81
6656 8.79
6657 8.93
6658 8.84
6659 8.91
6660 8.86
6661 8.93
6662 8.81
6663 8.99
6664 9.02
6665 8.80
6666 8.93
6667 8.96
6668 8.82
6669 8.78
6670 8.61
6671 8.55
6672 8.56
6673 9.79
6674 8.85
6675 8.88
6676 13.9
6677 13.8
6678 19.3
6679 19.0
6680 18.8
6681 18.6
6682 19.0
6683 19.5
6684 15.9
6685 13.2
6686 12.7
6687 12.8
6688 13.0
6689 13.0
6690 12.8
6691 12.7
6692 12.8
6693 12.9
6694 12.9
6695 13.0
6696 12.8
6697 12.8
6698 12.7
6699 12.7
6700 12.9
6701 12.7
6702 13.3
6703 13.1
6704 12.9
6705 12.7
6706 12.9
6707 12.9
6708 12.8
6709 12.9
6710 13.2
6711 13.0
6712 12.7
6713 13.4
6714 13.2
6715 13.0
6716 10.9
6717 10.6
6718 8.57
6719 8.62
6720 8.65
6721 8.66
6722 8.65
6723 8.66
6724 8.69
6725 8.77
6726 8.61
6727 8.71
6728 9.91
6729 8.79
6730 8.71
6731 8.61
6732 8.55
6733 8.53
6734 8.56
6735 8.54
6736 8.54
6737 8.58
6738 8.53
6739 8.55
6740 8.53
6741 8.52
6742 8.51
6743 8.45
6744 8.66
6745 8.54
6746 8.69
6747 8.68
6748 8.57
6749 8.52
6750 8.51
6751 8.77
6752 8.62
6753 8.62
6754 13.7
6755 13.7
6756 19.4
6757 18.6
6758 18.8
6759 18.8
6760 18.7
6761 18.8
6762 16.2
6763 12.8
6764 12.6
6765 12.9
6766 12.9
6767 13.0
6768 12.8
6769 12.7
6770 12.7
6771 12.7
6772 12.7
6773 12.9
6774 12.7
6775 12.7
6776 12.7
6777 12.8
6778 12.7
6779 12.8
6780 12.7
6781 12.8
6782 12.8
6783 12.8
6784 12.8
6785 12.9
6786 12.9
6787 13.0
6788 14.3
6789 13.3
6790 13.3
6791 13.2
6792 13.5
6793 13.2
6794 11.2
6795 11.0
6796 8.90
6797 8.94
6798 8.73
6799 8.75
6800 8.81
6801 8.95
6802 8.79
6803 8.87
6804 9.02
6805 8.99
6806 8.87
6807 8.91
6808 8.87
6809 8.81
6810 8.97
6811 8.93
6812 8.79
6813 8.86
6814 9.24
6815 8.85
6816 8.96
6817 8.96
6818 8.85
6819 8.75
6820 8.84
6821 8.98
6822 8.93
6823 9.00
6824 8.76
6825 8.75
6826 8.76
6827 8.76
6828 8.80
6829 8.81
6830 8.93
6831 8.84
6832 13.8
6833 13.6
6834 13.6
6835 18.8
6836 18.9
6837 19.1
6838 19.0
6839 20.8
6840 19.3
6841 16.1
6842 13.1
6843 13.1
6844 13.2
6845 13.1
6846 13.1
6847 13.2
6848 13.3
6849 13.1
6850 13.2
6851 13.1
6852 13.1
6853 13.1
6854 13.2
6855 13.3
6856 13.2
6857 13.1
6858 13.0
6859 13.1
6860 13.2
6861 13.1
6862 13.1
6863 13.2
6864 13.1
6865 13.0
6866 13.3
6867 13.3
6868 13.2
6869 13.1
6870 13.0
6871 13.2
6872 13.2
6873 13.3
6874 11.0
6875 9.02
6876 8.81
6877 8.75
6878 8.74
6879 8.80
6880 8.80
6881 8.73
6882 8.84
6883 8.78
6884 8.77
6885 8.81
6886 8.93
6887 8.94
6888 8.83
6889 8.90
6890 8.87
6891 8.84
6892 8.74
6893 8.73
6894 8.73
6895 8.97
6896 8.74
6897 8.72
6898 8.72
6899 9.32
6900 8.81
6901 8.89
6902 8.78
6903 8.83
6904 8.89
6905 8.73
6906 8.84
6907 8.87
6908 8.79
6909 8.75
6910 8.80
6911 8.86
6912 14.1
6913 13.8
6914 14.0
6915 19.2
6916 19.0
6917 19.1
6918 19.4
6919 19.1
6920 16.5
6921 13.2
6922 13.0
6923 13.0
6924 13.1
6925 13.1
6926 13.2
6927 13.2
6928 13.2
6929 13.2
6930 13.3
6931 13.1
6932 13.0
6933 13.3
6934 13.1
6935 13.2
6936 13.1
6937 13.1
6938 13.1
6939 13.1
6940 13.2
6941 13.1
6942 13.1
6943 13.1
6944 13.2
6945 13.3
6946 13.2
6947 13.7
6948 13.2
6949 13.3
6950 13.2
6951 13.2
6952 11.3
6953 8.82
6954 8.79
6955 8.84
6956 8.93
6957 8.83
6958 9.04
6959 8.84
6960 8.88
6961 8.84
6962 8.95
6963 9.10
6964 8.92
6965 8.91
6966 9.03
6967 8.85
6968 8.81
6969 8.82
6970 8.73
6971 8.73
6972 8.72
6973 8.84
6974 8.76
6975 8.75
6976 8.75
6977 8.81
6978 8.85
6979 8.74
6980 8.83
6981 8.74
6982 8.73
6983 8.75
6984 8.82
6985 8.82
6986 8.79
6987 9.00
6988 8.84
6989 13.8
6990 13.8
6991 19.0
6992 18.7
6993 19.2
6994 18.7
6995 19.0
6996 16.0
6997 13.1
6998 12.7
6999 12.7
7000 12.9
7001 12.8
7002 12.8
7003 12.7
7004 12.8
7005 12.7
7006 12.7
7007 12.7
7008 12.6
7009 12.6
7010 12.8
7011 12.7
7012 12.9
7013 13.0
7014 12.9
7015 12.9
7016 12.8
7017 13.2
7018 12.9
7019 12.9
7020 13.0
7021 12.9
7022 13.3
7023 13.0
7024 12.7
7025 13.7
7026 13.0
7027 15.0
7028 11.0
7029 9.12
7030 8.87
7031 8.85
7032 8.78
7033 8.89
7034 8.84
7035 8.74
7036 8.74
7037 8.73
7038 8.73
7039 9.07
7040 9.04
7041 9.02
7042 8.90
7043 8.77
7044 8.95
7045 8.85
7046 8.84
7047 8.77
7048 8.81
7049 8.87
7050 8.94
7051 8.97
7052 8.85
7053 8.76
7054 8.73
7055 8.77
7056 8.79
7057 8.92
7058 8.81
7059 8.78
7060 8.77
7061 8.95
7062 8.82
7063 9.19
7064 14.0
7065 14.0
7066 13.9
7067 19.2
7068 19.1
7069 19.0
7070 20.1
7071 19.7
7072 16.2
7073 13.2
7074 13.1
7075 13.1
7076 13.2
7077 13.3
7078 13.1
7079 13.0
7080 13.1
7081 13.2
7082 13.0
7083 13.0
7084 13.1
7085 13.2
7086 13.0
7087 13.1
7088 13.2
7089 13.2
7090 13.7
7091 13.1
7092 13.1
7093 13.3
7094 13.2
7095 13.3
7096 13.2
7097 13.3
7098 13.2
7099 13.2
7100 13.2
7101 13.1
7102 13.1
7103 13.2
7104 13.1
7105 11.1
7106 8.99
7107 8.81
7108 8.83
7109 8.78
7110 8.79
7111 8.81
7112 8.82
7113 8.86
7114 8.87
7115 8.81
7116 8.93
7117 8.87
7118 8.74
7119 8.98
7120 8.85
7121 8.81
7122 8.89
7123 8.81
7124 8.92
7125 8.84
7126 8.82
7127 8.79
7128 8.84
7129 8.84
7130 8.99
7131 8.81
7132 8.86
7133 8.84
7134 8.85
7135 8.84
7136 8.81
7137 8.73
7138 8.73
7139 8.83
7140 8.80
7141 8.84
7142 14.0
7143 13.8
7144 19.3
7145 19.1
7146 19.0
7147 19.2
7148 19.1
7149 16.2
7150 13.2
7151 13.0
7152 13.0
7153 13.1
7154 13.3
7155 13.2
7156 13.2
7157 13.1
7158 13.2
7159 13.2
7160 13.2
7161 13.0
7162 13.1
7163 13.1
7164 13.3
7165 13.1
7166 13.0
7167 13.2
7168 13.2
7169 13.1
7170 13.3
7171 13.1
7172 13.2
7173 13.1
7174 13.2
7175 13.2
7176 13.3
7177 13.5
7178 13.3
7179 13.4
7180 13.2
7181 16.1
7182 11.2
7183 11.0
7184 8.88
7185 8.81
7186 8.61
7187 8.53
7188 8.54
7189 8.54
7190 8.57
7191 8.52
7192 8.60
7193 8.45
7194 8.93
7195 8.91
7196 8.79
7197 8.54
7198 8.77
7199 8.81
7200 8.79
7201 8.77
7202 8.51
7203 9.05
7204 8.67
7205 8.54
7206 8.59
7207 8.59
7208 8.57
7209 8.52
7210 8.52
7211 8.51
7212 8.51
7213 8.51
7214 8.51
7215 8.51
7216 8.54
7217 8.56
7218 8.57
7219 8.54
7220 13.9
7221 13.7
7222 18.6
7223 18.7
7224 18.8
7225 18.7
7226 19.8
7227 18.6
7228 12.8
7229 12.9
7230 12.8
7231 12.7
7232 12.7
7233 12.7
7234 12.7
7235 12.6
7236 13.1
7237 13.2
7238 12.8
7239 12.7
7240 12.7
7241 12.8
7242 12.8
7243 12.8
7244 13.0
7245 12.8
7246 12.9
7247 12.9
7248 13.4
7249 13.1
7250 13.8
7251 12.7
7252 13.9
7253 12.9
7254 13.1
7255 12.8
7256 12.9
7257 13.3
7258 13.7
7259 13.7
7260 11.0
7261 8.54
7262 8.66
7263 8.64
7264 8.63
7265 8.53
7266 8.72
7267 8.54
7268 8.54
7269 8.68
7270 8.54
7271 8.77
7272 9.90
7273 8.61
7274 9.29
7275 8.89
7276 8.91
7277 9.00
7278 8.74
7279 8.61
7280 8.58
7281 8.72
7282 8.90
7283 8.67
7284 8.61
7285 8.56
7286 8.67
7287 8.72
7288 8.70
7289 8.82
7290 8.91
7291 9.00
7292 8.53
7293 8.56
7294 9.36
7295 8.93
7296 8.85
7297 14.2
7298 13.8
7299 19.0
7300 19.1
7301 19.5
7302 19.3
7303 19.0
7304 19.1
7305 19.3
7306 13.3
7307 13.2
7308 13.3
7309 13.2
7310 13.0
7311 13.2
7312 13.1
7313 13.1
7314 13.1
7315 13.3
7316 13.2
7317 13.1
7318 13.0
7319 13.2
7320 13.2
7321 13.2
7322 13.2
7323 13.3
7324 13.3
7325 13.0
7326 12.9
7327 13.2
7328 13.1
7329 13.2
7330 13.2
7331 13.2
7332 13.2
7333 13.3
7334 13.2
7335 13.3
7336 13.4
7337 13.1
7338 11.0
7339 8.89
7340 8.80
7341 8.94
7342 8.86
7343 8.71
7344 8.75
7345 9.02
7346 8.68
7347 8.63
7348 8.57
7349 8.62
7350 8.72
7351 8.64
7352 9.18
7353 8.58
7354 8.57
7355 8.58
7356 8.53
7357 8.54
7358 8.59
7359 8.53
7360 8.92
7361 8.65
7362 8.63
7363 8.53
7364 8.52
7365 8.51
7366 8.52
7367 8.52
7368 8.51
7369 8.51
7370 8.51
7371 8.60
7372 8.51
7373 8.56
7374 8.53
7375 8.53
7376 14.0
7377 13.8
7378 18.9
7379 18.7
7380 19.2
7381 21.6
7382 19.0
7383 19.2
7384 13.5
7385 13.2
7386 13.2
7387 13.1
7388 13.1
7389 13.0
7390 13.2
7391 13.1
7392 13.0
7393 13.0
7394 13.1
7395 13.1
7396 13.1
7397 13.0
7398 13.0
7399 13.0
7400 13.1
7401 13.2
7402 13.1
7403 13.2
7404 13.1
7405 13.3
7406 13.2
7407 13.0
7408 13.2
7409 19.2
7410 19.6
7411 12.9
7412 12.8
7413 13.0
7414 13.3
7415 15.0
7416 10.6
7417 8.66
7418 8.65
7419 8.67
7420 8.91
7421 8.66
7422 8.79
7423 8.77
7424 8.67
7425 8.76
7426 9.06
7427 8.81
7428 8.90
7429 8.89
7430 9.05
7431 8.84
7432 8.96
7433 8.98
7434 9.00
7435 8.75
7436 8.73
7437 8.76
7438 8.72
7439 8.81
7440 8.85
7441 8.88
7442 8.80
7443 8.86
7444 8.80
7445 8.73
7446 8.81
7447 8.80
7448 8.85
7449 8.82
7450 8.83
7451 8.78
7452 8.75
7453 13.8
7454 13.9
7455 19.1
7456 19.2
7457 19.4
7458 19.4
7459 26.4
7460 17.5
7461 16.0
7462 13.1
7463 13.1
7464 13.2
7465 13.3
7466 13.1
7467 13.2
7468 13.2
7469 13.0
7470 13.2
7471 13.2
7472 13.3
7473 13.4
7474 13.1
7475 12.9
7476 13.0
7477 13.1
7478 13.1
7479 16.3
7480 13.5
7481 14.5
7482 13.4
7483 13.2
7484 13.2
7485 13.3
7486 13.2
7487 13.3
7488 14.3
7489 13.3
7490 13.3
7491 13.3
7492 8.97
7493 8.87
7494 8.89
7495 8.77
7496 8.82
7497 8.86
7498 9.05
7499 8.78
7500 8.73
7501 8.75
7502 9.38
7503 8.89
7504 8.87
7505 8.92
7506 9.02
7507 8.77
7508 8.82
7509 8.85
7510 8.91
7511 8.76
7512 8.73
7513 8.72
7514 9.06
7515 8.79
7516 8.73
7517 8.73
7518 8.73
7519 8.87
7520 8.89
7521 8.83
7522 8.78
7523 8.80
7524 9.13
7525 8.88
7526 9.01
7527 8.91
7528 14.0
7529 13.8
7530 18.9
7531 19.0
7532 19.3
7533 19.0
7534 19.6
7535 19.1
7536 16.3
7537 13.9
7538 13.1
7539 13.1
7540 13.1
7541 13.2
7542 13.2
7543 13.1
7544 13.1
7545 13.2
7546 13.2
7547 13.0
7548 13.1
7549 13.2
7550 13.1
7551 13.2
7552 13.2
7553 13.5
7554 13.2
7555 13.1
7556 13.0
7557 12.9
7558 13.1
7559 13.1
7560 14.5
7561 12.9
7562 13.5
7563 13.2
7564 14.1
7565 13.0
7566 13.2
7567 11.0
7568 8.64
7569 8.67
7570 8.63
7571 8.55
7572 8.73
7573 8.54
7574 8.53
7575 8.86
7576 8.86
7577 8.60
7578 8.82
7579 8.76
7580 8.73
7581 8.68
7582 9.34
7583 8.90
7584 8.91
7585 8.79
7586 8.75
7587 8.83
7588 8.82
7589 8.72
7590 8.82
7591 8.81
7592 8.79
7593 8.72
7594 8.74
7595 8.88
7596 8.85
7597 8.74
7598 8.73
7599 8.75
7600 8.72
7601 8.72
7602 8.94
7603 8.77
7604 8.73
7605 8.73
7606 14.1
7607 14.1
7608 19.1
7609 19.0
7610 19.3
7611 19.1
7612 19.1
7613 16.1
7614 13.1
7615 13.2
7616 13.3
7617 13.1
7618 13.0
7619 13.1
7620 13.1
7621 12.9
7622 13.1
7623 13.3
7624 13.3
7625 13.2
7626 13.0
7627 13.1
7628 13.4
7629 13.3
7630 13.1
7631 13.2
7632 13.1
7633 13.4
7634 13.1
7635 13.2
7636 13.2
7637 13.3
7638 13.2
7639 13.2
7640 13.3
7641 13.1
7642 13.2
7643 11.1
7644 8.96
7645 8.81
7646 9.23
7647 8.94
7648 8.75
7649 8.83
7650 8.79
7651 8.79
7652 8.80
7653 8.79
7654 8.95
7655 8.85
7656 8.80
7657 9.32
7658 8.63
7659 8.58
7660 8.69
7661 8.76
7662 8.56
7663 8.57
7664 8.59
7665 8.55
7666 8.69
7667 8.57
7668 8.53
7669 8.58
7670 8.51
7671 8.56
7672 8.49
7673 8.48
7674 8.50
7675 8.52
7676 8.55
7677 8.69
7678 8.94
7679 9.64
7680 13.9
7681 13.8
7682 19.0
7683 19.2
7684 20.3
7685 20.2
7686 19.0
7687 16.2
7688 13.2
7689 13.0
7690 13.2
7691 13.1
7692 13.1
7693 12.9
7694 13.0
7695 12.9
7696 12.8
7697 12.8
7698 12.8
7699 12.7
7700 12.9
7701 13.0
7702 12.9
7703 12.8
7704 12.8
7705 12.9
7706 14.5
7707 13.2
7708 13.2
7709 13.2
7710 13.2
7711 13.2
7712 13.4
7713 13.2
7714 13.1
7715 13.2
7716 13.3
7717 13.3
7718 14.3
7719 11.1
7720 8.86
7721 8.89
7722 8.84
7723 8.73
7724 8.80
7725 8.83
7726 8.78
7727 8.97
7728 8.75
7729 8.77
7730 8.73
7731 9.09
7732 8.98
7733 9.12
7734 8.96
7735 8.84
7736 8.93
7737 8.82
7738 8.78
7739 8.86
7740 8.91
7741 8.90
7742 8.78
7743 8.84
7744 8.76
7745 8.73
7746 8.76
7747 8.81
7748 8.86
7749 8.90
7750 8.82
7751 8.80
7752 8.85
7753 8.90
7754 8.98
7755 8.75
7756 8.77
7757 14.1
7758 18.9
7759 19.1
7760 19.1
7761 19.1
7762 21.2
7763 19.0
7764 13.2
7765 13.1
7766 13.0
7767 13.2
7768 13.2
7769 13.3
7770 13.2
7771 13.2
7772 13.2
7773 13.1
7774 13.3
7775 13.3
7776 13.0
7777 13.2
7778 13.2
7779 13.1
7780 13.0
7781 13.0
7782 13.2
7783 13.2
7784 13.4
7785 13.1
7786 13.2
7787 13.1
7788 13.3
7789 13.1
7790 13.1
7791 13.1
7792 13.3
7793 13.4
7794 9.06
7795 8.85
7796 8.94
7797 8.76
7798 8.80
7799 8.83
7800 8.86
7801 8.79
7802 9.04
7803 8.82
7804 8.84
7805 8.90
7806 9.05
7807 8.85
7808 8.85
7809 9.35
7810 8.87
7811 8.97
7812 9.01
7813 8.88
7814 9.24
7815 8.80
7816 8.73
7817 8.72
7818 8.81
7819 8.81
7820 8.82
7821 8.79
7822 8.96
7823 8.90
7824 8.79
7825 8.95
7826 8.87
7827 8.88
7828 8.85
7829 8.77
7830 8.80
7831 8.94
7832 14.0
7833 14.0
7834 19.2
7835 19.0
7836 19.0
7837 19.1
7838 24.1
7839 21.3
7840 17.1
7841 13.1
7842 13.3
7843 13.3
7844 13.2
7845 13.3
7846 13.4
7847 13.3
7848 13.2
7849 13.1
7850 13.1
7851 13.2
7852 13.1
7853 13.4
7854 13.2
7855 13.3
7856 13.2
7857 13.1
7858 13.0
7859 13.2
7860 13.0
7861 13.4
7862 13.8
7863 13.5
7864 13.8
7865 13.4
7866 13.1
7867 13.1
7868 13.1
7869 13.2
7870 13.4
7871 13.1
7872 13.2
7873 11.1
7874 9.06
7875 8.82
7876 8.74
7877 8.76
7878 8.93
7879 9.00
7880 8.90
7881 9.05
7882 9.07
7883 8.82
7884 9.02
7885 9.48
7886 9.05
7887 8.92
7888 8.86
7889 8.95
7890 8.79
7891 8.78
7892 8.80
7893 8.87
7894 8.84
7895 9.17
7896 8.87
7897 8.85
7898 8.84
7899 8.79
7900 8.75
7901 8.79
7902 8.80
7903 8.95
7904 8.78
7905 8.97
7906 8.82
7907 8.81
7908 9.08
7909 8.91
7910 9.00
7911 8.76
7912 8.78
7913 8.87
7914 8.92
7915 8.73
7916 8.73
7917 8.73
7918 8.86
7919 8.69
7920 8.53
7921 8.52
7922 8.55
7923 8.56
7924 8.99
7925 8.62
7926 8.53
7927 8.53
7928 8.70
7929 8.61
7930 8.66
7931 8.67
7932 8.69
7933 8.74
7934 8.69
7935 8.70
7936 8.73
7937 8.65
7938 8.60
7939 8.67
7940 8.57
7941 8.54
7942 8.54
7943 8.56
7944 8.55
7945 8.56
7946 8.55
7947 8.55
7948 8.55
7949 8.63
7950 8.88
7951 8.54
7952 8.68
7953 8.91
7954 8.99
7955 8.90
7956 8.78
7957 9.02
7958 8.64
7959 8.57
7960 8.51
7961 8.49
7962 8.53
7963 8.50
7964 8.58
7965 8.61
7966 8.58
7967 8.58
7968 8.55
7969 8.56
7970 8.54
7971 8.56
7972 8.69
7973 8.56
7974 8.55
7975 8.56
7976 8.81
7977 8.56
7978 8.56
7979 8.56
7980 8.56
7981 8.56
7982 8.55
7983 8.56
7984 8.56
7985 8.61
7986 8.58
7987 8.58
7988 8.54
7989 8.54
7990 8.56
7991 8.56
7992 8.57
7993 8.56
7994 8.53
7995 8.54
7996 8.56
7997 8.57
7998 8.66
7999 8.57
8000 8.58
8001 8.50
8002 8.54
8003 8.53
8004 8.55
8005 8.56
8006 8.65
