57080
56627
58002
56164
56228
56384
56435
59393
56587
65446
63122
56611
58075
56381
56696
56850
56537
67548
57159
56328
56292
56609
56449
57411
56626
56440
57271
60239
57566
61661
57065
57116
56936
57287
57085
56280
57124
56788
56925
56474
56285
56493
64804
56566
56187
65279
69577
56512
56576
56716
56036
56073
56918
56448
56520
57157
56487
56528
57297
57912
56268
57020
59669
56285
56807
56327
56690
56272
57072
56670
57148
56866
57420
56861
58838
56563
60243
57052
58607
56862
56927
67106
68028
60236
61679
61131
64981
61243
57248
58820
56715
56430
57567
56730
56539
56806
56999
55945
56234
57469
56099
56336
57909
56961
56340
57284
56446
56926
56702
56288
56643
57182
56327
56823
56962
56724
56527
72124
60426
58472
56406
57599
56608
56356
56642
56737
56250
56755
56315
56958
56952
56716
56803
56120
57851
56785
57006
65769
66340
56967
57076
56376
58087
56295
56580
57147
56244
56609
56522
56529
56791
56688
56471
56274
61675
56947
56174
63743
56852
56624
56720
60231
56678
56669
56680
56618
57022
56503
61168
57660
60134
58471
56754
56923
58512
56899
56176
61137
58405
56681
56984
56821
57225
56340
56739
57303
56028
56623
56599
56783
65808
61277
57322
56987
60888
56629
56739
56539
57222
57587
56828
56149
56666
56849
56412
55899
57435
56812
56571
62119
65047
56814
56667
56986
55856
56294
56565
56681
56521
57165
56727
56985
56278
56563
57877
57139
61378
57015
56785
59986
57093
56512
58399
56939
57080
56660
74206
56225
57055
57530
58185
57320
57784
58572
60165
65420
57808
56797
56438
57388
60901
57680
57342
56945
56759
56744
56340
56389
62792
61295
56980
56538
57425
56825
56705
56905
58734
56956
55838
56538
56604
56707
56960
56549
56899
63077
56731
56476
62714
62969
56451
55931
56702
56688
56979
56509
56372
56477
56629
56261
56598
56391
56807
56400
68533
64381
56564
56984
61917
56777
57039
56400
56551
56956
65350
57840
56882
56391
56552
56606
63775
62392
63307
56583
68824
57343
56166
56043
56588
56913
57922
56551
56342
56757
56982
65531
57579
56758
61576
57097
56441
56247
56926
56185
56590
56178
56318
56821
56862
56918
57136
62469
56749
57184
61338
55978
56129
56120
56418
56620
56680
56726
56261
56814
55978
56595
70689
61039
61599
61863
60752
60159
57531
55984
57016
61102
57456
57947
57058
56626
58623
56219
56815
56451
56628
56804
56310
60642
56181
57147
61414
56799
56262
70241
58360
67159
57984
56538
57703
57619
57172
56759
58056
57868
61087
60195
56857
59778
57431
56466
57570
56521
69077
56006
56395
57197
56697
56336
56726
56631
56755
59210
57393
56095
56607
56819
56538
56618
56702
56279
56507
56717
58545
56729
61916
57293
59841
61773
56142
58201
65311
56540
57312
57767
56662
56761
56736
56353
64110
56782
56741
56671
59162
56173
65118
56322
56663
76329
56208
57049
57345
56192
56953
56128
56385
56064
57911
56324
56116
56679
56491
56349
64282
67029
61067
61211
63241
60503
61374
61633
60903
62010
62234
62022
62478
60188
56940
59314
59933
59573
60695
73324
58071
57102
63901
58141
65167
56686
57552
57525
56560
59425
61616
60543
58515
60427
61547
56872
57300
58115
56600
59103
58422
56698
57406
56741
56494
56594
59151
56610
57320
57936
57487
56818
57171
56887
56268
56717
58630
56415
56090
56821
56362
63918
56553
56539
56872
57094
56404
56129
57043
57525
56880
56676
60168
58311
65589
62449
58105
69293
57763
69014
57150
56934
56790
56289
57240
56421
62238
59625
56994
56829
56495
56830
56725
56693
60467
56686
58537
56443
56250
58354
57645
56677
57478
77706
57058
56775
60556
59331
56616
56687
56185
56596
73827
57858
56481
55967
56616
56044
58928
57136
58162
56620
56632
58610
56527
56412
56609
56103
56460
56679
56667
56855
56659
57426
57269
56347
58874
56778
64128
57140
57901
56096
56352
55935
56486
56482
57065
57333
56315
55980
59689
56747
56715
56557
60237
63240
63472
56410
64011
65535
56739
56626
57020
57687
56429
56741
58600
56307
56531
56757
56934
57086
58399
56701
57307
56260
56410
56577
56133
56467
56726
56350
56466
56667
56848
56679
56241
59378
57902
57150
58439
58677
56551
56613
57863
56438
56181
56624
56436
56782
56642
57194
57039
60093
59317
56723
58935
57719
57889
68902
62455
63111
59577
61113
61359
61449
61164
61398
61895
57776
63054
60251
56057
56582
56327
56146
56914
56881
56365
56452
56464
56443
56143
61252
59440
56948
56985
62535
56627
56904
56887
56418
56987
56827
56667
69908
56136
56615
56704
57469
57177
58942
56303
57028
63047
56944
56445
56482
56397
56665
56625
56102
56568
56676
58132
56607
60036
59668
56599
57776
56557
60205
57292
56653
56857
59124
57335
56313
56605
56644
56780
56503
56514
56505
56305
57248
61447
56898
58980
63895
56733
57097
56682
56505
58065
56417
56845
56593
56914
56603
56531
56144
57445
56393
60593
59219
56899
57920
60083
56747
56956
56747
56390
56183
56317
56834
56689
58156
69206
56422
56457
56860
57156
56740
59147
57287
56755
57392
56684
57061
56638
56575
56044
58537
57123
57055
58367
56764
60691
56604
58628
57346
57116
57539
56379
56730
57195
56479
56415
57706
56955
56755
57492
56383
56151
56156
56434
76252
57146
60243
61513
61335
57017
77905
56203
57331
57093
70373
62150
58875
61750
64172
69016
61812
71983
63087
78854
73215
76818
57581
58920
60296
59251
72826
57269
64440
67141
62024
57164
58396
63935
57521
60747
62272
56432
56461
56739
77722
56922
65355
68848
61811
58859
56818
70663
57186
59581
65284
57916
61162
67168
56810
58296
59791
56956
56285
58533
56898
56824
57364
56652
56286
57902
56869
57423
57149
56750
56662
56880
56634
56808
57002
56802
57016
56588
56864
56417
56537
56473
57157
56738
57303
60972
56947
56186
57176
56342
56343
57289
56310
56620
56106
56596
56807
56438
56572
56617
57601
66753
56938
56971
63005
56841
57231
57137
56789
57854
56297
56353
56057
58076
56722
55947
56660
56298
56327
57456
60055
56382
56813
56850
58547
56751
60441
56889
56895
59491
60587
56764
56910
56552
55976
55919
57798
57139
56668
56940
56905
56819
56709
56672
55974
57113
57144
56630
56460
57432
56362
56769
57025
56768
56173
58033
56126
56776
68232
62847
62195
61829
62822
64305
62722
63011
62709
62887
60979
62500
62012
61869
72214
61727
62011
61411
60965
57437
57235
56610
57044
57321
58441
56703
57662
57027
56327
56862
58289
56606
56677
56515
56511
56311
56823
56244
56583
60472
57459
56735
56597
56937
57123
56949
56525
56491
56495
56245
56360
56305
57321
56901
56515
56766
56647
56757
56884
57229
56556
56332
57372
56326
68344
56628
56429
56627
56676
56908
56526
57188
63793
56397
57497
56130
56341
57062
56148
55993
56197
56385
56239
56842
56927
56890
56552
56225
56821
56818
62651
57031
56191
57248
56771
56965
57355
58581
56922
59446
65720
56951
56989
56649
60793
56587
56307
56236
56787
56630
56557
56708
56764
56845
56721
56452
57403
57060
56794
58289
56608
56590
56406
58071
56432
60380
58655
56644
56999
59329
57000
57295
56705
56783
56738
57051
56350
57519
56269
56510
56474
56806
56467
56205
57480
57143
57835
56730
57111
57799
56645
56980
58761
56189
57004
58147
56474
57344
57443
56164
59489
56791
56340
59147
56266
56256
57056
60093
56285
56308
56514
56009
56686
58049
57107
56640
56364
56758
56603
56573
56997
57324
57228
59368
74270
56957
56755
66532
56495
56604
56401
57869
56509
56675
56710
64508
60705
61838
60951
61062
61866
61228
64041
62423
61722
61246
64362
57529
57066
58598
56871
56331
56762
56915
56396
56197
56904
57568
57201
56515
61617
56443
58334
57893
58235
56809
57518
55845
56276
56987
56661
56692
56801
56698
56695
56696
56478
56275
56905
60098
56749
56374
58806
56159
58654
59663
56521
56778
56552
56406
56396
56804
59428
58310
56804
59906
56262
56598
56298
56680
56777
56939
56953
56740
56232
56779
56455
56148
56572
61823
56777
58378
68584
57066
56714
56757
56132
56518
56882
56900
56237
56669
56468
56065
56203
69160
57076
57360
63844
56086
56749
60274
60682
57173
60803
65021
56377
56594
59163
57518
56607
56470
57049
56459
56641
56876
56320
56666
59681
57562
55886
58212
56800
56827
61584
62541
56980
56737
56128
55998
56685
56398
56770
56378
56241
56722
56152
72651
57552
57222
56584
70519
56333
56869
56557
56532
56539
56091
56555
56766
57339
56116
56656
56529
60249
56209
56881
58605
59440
56865
56683
56252
56787
56653
56973
57183
56355
56733
64171
57666
56775
56586
56678
56527
56902
56668
56177
56679
56960
57048
56291
56184
56130
57145
56768
69057
62437
61147
62070
62400
61919
61837
61528
61398
63385
62187
62444
58680
56776
56943
56974
56411
56314
56477
56076
57319
57228
56895
61782
56572
58370
58905
56816
56135
62923
56555
56845
56902
56804
56852
56250
56848
56775
56407
56666
56536
56709
59997
56455
68403
60743
56880
56576
59303
57277
56554
56533
58049
56603
56700
57483
56556
56152
56879
77005
72257
59829
57909
57737
56398
57412
57351
56224
64901
63558
57169
56760
56803
57341
56476
63621
60371
56321
57314
57198
57690
56769
56673
56098
56760
63142
56464
56721
56996
56584
56227
56761
61164
56303
56878
58395
58690
56154
57376
57962
56092
56654
56456
56733
57145
56319
56575
57042
56492
56519
56126
61127
56920
56647
59752
56507
56462
56632
56515
56718
56829
56602
56615
56338
56361
56326
56706
56854
68757
56873
57775
56860
55988
56576
56777
56304
56112
56109
56642
56953
56560
56006
56722
56624
57574
56964
59277
56124
56349
56801
56265
56619
56162
56489
56880
56793
57012
56672
56563
56856
56743
56708
56752
56317
57083
70346
57771
57604
57448
57204
57017
82909
57519
56990
56506
59009
57262
67493
56783
57547
57335
56313
58857
57003
56635
56778
62102
61523
60947
62246
61212
62159
61920
60777
63551
61501
61014
61898
59584
56796
57092
56364
56756
56177
56349
57262
56687
56975
57445
56731
56467
57755
63124
56736
63137
57813
56207
56738
56710
56288
56633
56892
57086
57169
58634
56742
56403
56858
56163
56628
56495
57203
56486
56643
56894
55966
56349
56653
77212
57100
59416
56899
59734
56450
56746
56574
56658
56640
57272
56143
56677
56405
56733
56214
57073
58018
58280
56703
57924
62370
56781
57244
56683
56536
56755
56717
56742
56358
56086
56485
56630
56583
56159
56265
56528
56682
56556
56304
56814
56621
56794
56051
56319
56492
56721
56252
56356
59590
56477
56861
57316
57425
56417
57368
60329
57168
56674
56465
56799
57198
57051
65254
56652
57222
56784
56524
56957
56696
56682
56573
56219
56788
56590
56275
56790
56306
56526
56591
56827
62779
56729
56231
60558
57479
56689
56792
57122
56696
56850
56814
56798
56108
56980
56558
56710
56355
56898
56246
60260
57710
56739
57038
60846
56842
68741
58287
56793
56672
57990
56534
56602
56836
56961
56339
56098
56577
56664
56680
57343
56660
56921
56712
56251
56853
56122
56217
56557
56728
56341
56664
56340
60612
56789
62924
57339
56116
56948
60198
56442
56395
61843
57168
56772
69835
56768
56259
57665
58696
56684
56840
58218
56354
56253
56816
56499
56392
65783
63300
62543
61097
63387
62948
61527
62253
64444
60423
62152
62591
58762
56371
56784
57106
60062
56400
56102
58796
56299
56132
57616
57000
56623
58830
58875
56410
56736
56174
56742
56206
56925
56155
56440
56766
56751
57388
56672
59376
56632
60351
56138
57171
65696
63661
58256
57151
56774
56655
56651
56760
56821
56214
56373
56581
56764
56921
57148
57456
57124
57523
56868
57861
56765
56722
60932
56141
57088
56570
56544
56880
55991
56695
56126
57079
56275
56385
56373
56700
56932
56737
56035
56276
57314
56448
56882
56934
56563
56411
56515
62676
58437
56457
56530
57596
63974
56597
57416
60998
56504
58234
56668
57151
56560
58327
56274
56285
56869
56430
56811
56723
56849
56363
59225
56451
56678
60555
56693
57243
56851
63124
56050
56579
56681
56090
55876
56071
56973
56146
59456
57056
56450
56374
56610
56737
56134
58683
56049
57242
56856
56662
56891
56621
56951
57004
56128
55883
56613
56371
56220
56325
56826
57610
56476
56145
56641
56231
57195
59357
56339
57034
56750
56520
60246
68033
56426
56920
57011
57235
56607
56024
56810
57016
57372
58092
56703
56412
56522
56469
56333
56201
56617
56840
57006
57331
56982
56765
59464
56291
63707
57036
56560
56233
56486
56605
59542
56372
56746
57287
57489
58253
57863
58076
62210
57150
58555
68479
65217
56234
63702
61939
68368
62229
61236
61117
62679
66668
61580
63333
63831
61732
59327
57033
56402
56563
56866
56714
56071
56748
56445
56229
64373
56182
56582
57058
58756
56546
56976
57293
57158
57032
56528
56299
56991
61270
56881
58693
64305
56508
61016
58486
56253
56539
57374
61213
56789
58441
56754
56568
56642
56582
57211
56611
56567
56423
56769
56686
56088
57150
57711
57112
56575
57227
56875
57080
58224
58615
56445
56944
57093
56419
56730
57358
60081
56705
59176
58588
56787
57349
59240
56691
56806
56285
65009
56762
56825
56189
56844
56820
56764
56073
56361
56947
56861
56595
56171
56566
56442
56078
56591
56219
56627
56745
57105
58732
56464
56705
67727
57896
62837
56579
57207
56712
57956
56448
56639
57871
56750
56720
56569
57172
56877
56835
57015
59138
56536
63527
57381
56451
56293
56539
56759
56503
56860
56754
57070
56146
56589
56445
56318
58872
56591
56822
60605
56597
56145
57120
56186
56475
58440
56788
57073
56846
56924
56794
56888
56693
56706
56508
56286
57296
57138
58178
56636
56209
57267
60410
55973
56915
60194
57030
56438
56398
56418
57489
56490
56116
56781
56943
56894
56689
57151
58139
56580
58353
62176
56654
56924
56250
56471
56787
57792
56536
56068
64833
56141
56267
56636
56588
56741
58060
64549
62535
62732
62953
61923
62113
71264
61309
62502
64659
62833
72110
59687
56860
56799
56895
56934
56918
56566
56669
56777
56972
56468
57471
56345
57208
56712
56801
57591
56639
56332
60958
56634
56245
56920
70314
56886
57114
57118
56091
56118
57985
56804
56886
59556
59350
56680
56961
58274
56808
59679
56663
56168
56822
56977
57736
57107
57064
56337
56185
56352
59251
56871
56822
58956
56727
57437
58937
56449
56980
56843
56491
56640
57319
56853
56444
57726
56890
64662
56073
58302
56180
58551
58676
56634
56395
57119
56491
57278
56922
56928
56325
56429
56160
56664
57464
57008
56678
65608
56537
56133
59032
58917
56285
56391
56703
56569
57365
56453
57467
57032
56762
57200
56756
56928
56235
56422
62160
57548
56323
56797
63952
56176
56538
57529
56717
56578
56941
56404
56478
57698
57088
56824
56925
57186
56373
57267
59058
56860
57509
57054
61301
55987
56533
56640
59172
56505
56787
56656
56865
56934
72807
56059
62496
60920
56867
56911
56823
57118
63600
62438
60531
61029
62027
64333
57241
58605
56917
59279
56455
56204
56414
56854
57132
57150
57696
56823
59907
56848
57889
57017
56956
57169
57631
62692
56565
57797
56694
56122
56264
56283
56958
56480
56621
56611
64198
58045
56463
56380
56522
56264
56859
57677
58479
56835
56250
60113
57113
56909
59282
59313
56533
66384
60416
56103
57374
57950
57245
57871
56670
57121
57089
56683
56775
79503
65074
63301
66938
70719
56716
64125
57440
56836
56716
56185
56428
57000
58857
56772
56821
56594
57642
56807
56918
76573
57249
56706
56617
56044
56953
57293
56955
56303
57237
59033
56779
56412
57788
56091
56751
59122
56312
56190
57175
56431
56033
78593
57391
56531
61559
58257
56840
56496
58927
56913
56203
56101
56777
56581
55798
60777
56391
57288
59997
56782
56733
56581
56760
56982
56835
58379
56766
64695
56585
56285
57771
56819
74529
70474
57289
57426
57125
57037
57816
59298
56540
60401
57370
56999
70787
57564
56689
56451
55944
57020
55807
58753
56270
56184
56687
57421
56566
56861
57536
56585
56688
64127
56632
56970
57884
57011
56251
56471
59315
56546
56980
59902
57004
56784
57474
56953
56862
56769
56540
56776
56674
56795
56519
57038
57937
56892
56103
65501
56263
56712
56793
56961
56174
56468
56325
57142
56324
56269
56741
55900
60805
58895
56500
57472
56510
56213
56482
55902
56703
56591
57177
56274
56177
56502
56098
56374
58623
56709
56746
61920
62103
56264
58192
60162
56312
67578
56549
56775
56621
56828
56786
56982
56959
56678
56424
56256
58880
56665
57212
59402
56321
56591
56683
56458
56671
56252
56515
56644
58637
57360
56304
56224
56406
56296
58894
61039
56807
62395
57294
56927
56758
56514
56285
56906
57221
56418
56378
56970
56932
56450
56715
56950
56878
64169
60522
57166
56336
56506
57121
56666
56525
64294
59949
62271
63829
65998
66267
61398
62190
62217
63665
61707
61129
62227
57272
56886
56311
55966
56021
56556
56607
56663
56425
57465
56147
56740
56999
56778
61709
58120
57034
57039
56273
56396
56690
56285
58096
57152
56679
58337
56781
57119
56716
58050
60603
56586
57615
58529
56402
57844
56655
56155
56267
56884
56763
58029
56652
56888
57841
57059
56290
57384
65011
58193
56262
57418
57798
56367
56442
56744
56382
56055
56536
56343
56586
58329
56987
56578
56762
56809
56978
58071
57107
56466
62416
58384
56574
56925
56684
56711
56430
55968
56891
57002
56330
56623
56883
56480
56703
56626
56326
56840
56747
56555
56733
57073
57038
56169
57988
58582
56750
56355
57663
56583
56320
59433
59156
57730
56936
57028
58440
57200
56626
56741
56199
56964
56869
56750
56332
58061
56613
56681
68242
56601
56666
56637
87023
56939
66617
56668
56803
56889
56853
56504
57915
56805
56091
57710
56639
57312
57243
56346
56540
57056
56632
56589
56470
56324
56696
57332
56863
56818
56741
56590
56693
56527
59999
69396
57135
57150
61442
56621
57019
56351
56275
56773
56523
56490
70551
56732
56863
56802
56902
56448
56655
56689
59758
56513
56307
65199
61464
70309
62489
61633
61279
56839
56552
56668
56649
57189
56768
56141
57273
57401
57088
56274
57771
59641
56720
61163
62186
56796
56356
62497
58219
56541
56832
58263
56621
57861
56735
56497
56408
60206
56636
57035
59377
56369
56669
56502
56677
56354
56342
56679
61336
56564
56448
57175
56954
57117
57645
56460
60118
57381
56531
57308
56922
56723
57710
56674
56511
57142
62713
58194
56881
57072
56560
56819
57172
57086
56230
60268
56660
56450
59418
56917
58083
58869
58008
56307
56657
57649
57114
56794
56581
56596
56455
56952
62473
56143
56939
56796
57646
57160
56516
56617
57050
56958
57058
56591
56565
62191
56821
58558
56302
56820
60598
61903
56741
56536
65801
56952
57090
56880
56356
56026
56667
57789
56686
57162
59856
57353
57044
59048
56916
56119
58520
56799
56580
57219
56663
64135
56016
56983
61534
56594
56703
57502
56771
56861
62817
71100
56849
59868
56316
58007
56681
58330
57061
56281
56025
56389
56414
62405
56557
56091
57059
56788
58590
58712
57438
56782
57181
56932
56518
56497
56398
57270
56960
56642
57743
56900
56579
57399
60580
61120
58838
57635
59291
65064
60390
62439
59131
61595
61842
60622
61988
61428
61654
64017
62032
61383
57796
61430
56540
56473
56394
56303
56504
56492
56864
56992
57711
57112
56631
66413
65830
56289
56625
59338
56742
56576
56616
56784
56645
56874
56850
56682
56503
56675
56429
65298
62200
66836
57837
58170
67565
56709
57585
57009
58223
57127
56376
56443
64242
58275
56647
56911
65800
65124
57595
56775
56614
56863
56469
56688
56283
56622
56425
56583
56241
56084
56612
56824
56819
60365
60754
56980
59993
71845
56506
56574
58171
56919
56231
56927
56759
56553
56511
56689
56146
56722
58566
57063
58475
56539
56787
60005
57600
56114
56306
62748
56400
56083
56513
56425
56477
67944
57336
56468
56868
61598
58191
57196
57324
56586
57052
57573
56236
55887
56242
56628
60739
56070
68379
62124
56300
59719
63703
56361
56775
57648
56892
56441
56950
58445
56449
56551
59354
56672
56911
56570
56469
56198
57713
56813
57040
57152
56852
56729
56465
56664
56592
56826
56401
56587
57063
62213
56374
60207
60615
56664
57085
59371
57839
63410
56774
56599
57126
56892
56122
56225
56369
56589
56853
56382
63974
57199
56630
60081
60602
56702
64872
58508
56002
56546
60984
56438
57101
56726
56354
56546
56279
56643
56692
56850
56655
56906
56596
69466
66794
56520
63673
57237
56835
56876
56178
56604
63457
55960
56554
56677
56410
56530
55892
71739
61404
61140
61849
62304
60864
56301
56916
56946
56603
56652
56160
56464
56243
58020
61683
56434
56346
56614
56752
57030
62266
56729
56419
61128
56892
56284
56157
56512
57560
57190
56670
56309
56294
57260
58284
56493
56586
57165
56653
57287
56401
56360
60425
57240
56931
56522
56644
56256
56782
56406
56135
56725
56584
55989
56463
58644
57977
56246
57457
59086
56702
56707
57679
56131
56979
57261
56810
56903
56137
56882
57829
57314
58046
56346
64558
62903
56430
60520
63558
56814
57358
56854
57012
56087
56464
56684
56272
56656
56720
57042
60558
61298
56117
57362
57408
56632
57454
56857
56808
56658
56388
56937
56912
56548
56847
56964
56972
62904
56496
57356
62325
56724
57860
56061
56927
56041
56581
56357
56998
56843
56762
57042
56685
56695
56805
63474
58918
56807
57270
57201
56623
57124
56649
56578
57133
56964
56393
56328
56357
56345
56666
56759
65240
56452
56555
60397
60337
56259
59910
65560
57308
66948
63890
61368
62194
60512
62206
56990
56291
56427
57214
55927
56632
56518
56902
56739
56909
56447
63587
60336
57880
56851
65263
56587
56130
56443
56719
56495
56989
57288
56599
56166
57387
56608
56532
67452
68529
64229
56532
58808
56199
56797
56329
56619
56617
56125
56102
56499
56463
57008
56646
56498
60198
56678
56272
58920
57187
56809
56553
56579
56510
57543
56309
56662
57935
57065
56795
58079
63872
57918
56395
60511
66387
56252
63815
56692
57445
56193
58423
56760
63597
56867
56627
56511
56255
56381
56121
56290
55977
56148
56553
56680
56707
56540
62101
58280
56672
56471
56810
56619
56942
56641
56573
57263
56564
56810
58158
56669
56755
56838
59047
63751
56902
57232
56136
56241
56575
57061
57046
56953
58112
56202
56295
59102
66089
56919
65474
59548
56519
56455
56767
56948
56931
56630
56937
56710
56363
56522
57239
62303
62279
56713
57337
62921
66598
56901
57040
56749
56624
57148
65919
56483
56263
56491
56417
56938
56630
56535
56516
57000
78480
66070
56360
56179
58577
57234
57221
56123
57481
56719
56802
57852
56960
57057
56825
56735
56567
62572
56333
56774
66124
64217
56738
57012
56781
57295
56467
71135
61161
62118
60944
61166
66440
61391
61892
73286
61519
73843
61360
69959
59596
57667
57487
56271
56497
55932
56975
56744
64003
56551
56748
56694
56637
62985
56816
62735
67307
56960
56908
60117
57435
56262
57088
56648
56889
56588
64018
56839
57065
56791
58865
59897
63651
57134
56804
64668
62750
56599
56177
56241
56650
56378
56486
57008
56684
56926
56684
70050
57659
61521
60055
56722
57333
63770
56525
56275
62256
56913
56793
59589
55817
56677
56811
56887
56349
56262
56904
56467
56716
57143
56611
57770
56821
56932
56522
56230
56919
56004
56232
57219
57854
57548
62484
56550
59307
63359
56940
56912
56464
56405
56757
56819
57034
56380
65706
56745
56262
56890
56460
56830
56783
65098
58817
56866
65161
66072
56344
56716
56395
56756
57990
56373
63197
56470
56641
56158
59254
56789
57769
56649
56968
64565
56619
56854
60786
56147
56953
56471
56929
56320
65900
61377
61168
60643
63195
59952
56775
58455
56700
56665
56698
56454
56034
56859
57821
64898
57088
56954
66646
60951
56776
57858
57053
56687
56400
57182
57155
56603
56739
56315
56726
56688
56532
56588
64298
63969
56481
56933
56686
57209
56964
56231
56853
58038
56347
56844
57097
57018
56683
56490
56810
65866
60705
56867
60218
58657
56371
56435
56414
56984
57490
56569
56814
56943
57010
56945
56351
56629
60891
56724
57016
56623
56594
56097
56612
56476
57028
58622
56850
56495
62340
56199
56987
62339
57689
57232
64615
63360
56260
56380
57884
56777
56938
57086
59427
56572
56830
56838
58025
57024
67817
57802
56334
64707
62018
56797
57017
56619
56633
56831
56348
56081
67131
56954
56813
61527
56428
56811
56702
56712
56792
56717
56876
58391
56901
56638
58954
56680
56877
57833
60570
56859
56691
59689
56823
56774
64863
61741
56818
57069
56778
56611
56254
56608
56524
56224
58710
57070
56687
56265
64048
56514
58019
60549
56595
62842
57011
57211
56057
63280
57680
56342
56386
57923
56789
56788
56868
56257
57105
58363
57097
57030
56833
56935
56804
56936
57992
56041
56779
57081
56242
56857
59170
57361
60121
66125
66242
61384
61301
61428
61548
63949
58210
56732
56397
57285
65361
56380
56515
56608
56344
56944
56252
56924
56529
56817
57003
56254
56848
56335
56686
57573
57162
56835
56805
56814
56492
56782
56671
56970
56746
59018
59302
56851
60013
63798
56668
56500
57043
56227
56885
56778
56164
56689
56937
56480
56675
56339
56057
56942
58214
59800
56183
59324
56606
56717
56315
56699
57663
57229
57277
56668
57663
56644
57487
57162
56402
56415
56874
57506
57087
57192
58608
57787
56863
66308
56889
57104
56426
56371
56554
56985
56685
56904
56385
56834
56756
56365
56898
62353
57634
56649
63106
56631
56341
57085
57164
56592
58650
56688
57792
57311
56808
57202
56117
66681
61026
62825
61662
62429
62347
62004
63318
66787
62018
62268
64817
62741
62968
62411
61799
62363
64512
63630
62187
60945
61662
61578
62438
63424
60663
56057
58131
63172
61089
58576
57069
57347
63756
56220
57771
56634
56684
56686
56948
56502
57105
56370
56759
56785
57084
56742
60255
57198
57546
68062
57156
56759
56921
56189
57388
56586
56711
56658
56944
56592
57082
56570
64185
56683
57823
56052
59162
56777
56363
56813
56942
57001
57001
56601
57378
59922
56678
56963
57346
57133
59147
56829
57228
57903
56957
58375
58908
56997
56658
56017
56821
56567
56417
56631
56971
56406
60752
56463
56551
56190
56353
60485
56915
56328
63659
56714
56353
56687
56700
56438
56844
56071
56732
56828
57300
57030
57029
56872
59621
56494
57137
56736
56928
58038
60111
57206
56688
56346
56958
56050
56670
55953
57728
62597
56585
56313
59993
59784
57244
57679
69099
56574
56182
56809
56432
56494
56775
56680
56884
58639
56042
56308
56623
58137
56106
56922
65766
61413
56608
58448
56864
56684
56017
56766
56447
56766
55985
56227
56838
56791
63528
61747
65073
61919
61238
63222
69835
61459
61350
62173
63533
61917
61129
56635
56629
56804
56374
58662
56710
56778
56887
57034
56687
56545
57406
57037
56014
64819
58021
65177
57428
56642
56691
58000
57352
65095
56797
56289
56216
56572
56214
57115
56238
59118
62936
56274
56670
57348
56917
57044
56301
67351
56882
61934
57183
56629
57222
57111
56746
56722
56806
57217
57009
56663
56922
56777
58003
56235
56154
56785
59973
56812
65946
58132
56473
56783
56111
57438
56296
56543
56739
56926
56410
56742
56757
56928
59933
64882
56891
60707
56116
56056
56379
56268
56193
56859
56116
56382
56525
56212
56819
56402
57146
56731
56836
59653
65047
56851
56572
56659
57071
56427
56618
57709
56849
69856
57024
56857
56463
58639
57137
56944
59312
58003
56995
56843
56727
56878
57016
57261
56806
56698
56266
56855
57250
68965
58909
56759
60331
61574
56913
56925
56885
58116
56701
56816
57821
56652
56250
57268
56443
56326
56740
56348
64367
56613
56996
64671
65664
59344
57926
57413
57348
56617
56315
56410
56345
56573
56495
56537
57075
56505
56204
61783
61876
61680
65957
61654
75013
56877
56333
56556
56560
57073
56731
56820
56902
56981
56454
58774
56964
60650
63192
68271
56021
65107
63576
56793
56718
56401
69108
56386
56462
56980
56426
57594
59741
59080
59362
63402
56182
57141
61866
64270
59007
56874
56671
56296
56372
56157
63881
56348
57192
57115
56215
56584
65159
63268
56594
65684
57283
56646
56572
56913
57906
56558
56979
56257
56662
56465
56529
56889
56561
57208
57100
59313
62415
56942
57402
56635
56892
56790
56336
56565
56150
56680
56662
56976
56919
56460
56471
58311
59899
56560
57615
56672
56700
56242
56448
56226
57532
56663
57168
56497
56643
67198
57000
62152
58077
56258
56837
66324
57114
56874
58486
55904
65172
56200
56520
59706
56950
62853
57040
56702
64510
65779
57572
58353
57213
57476
57533
56462
57042
57364
56745
56821
56689
56660
57025
56833
56609
65351
65952
61530
57470
57203
56479
56703
56235
56098
58772
74805
56696
56991
57117
56565
56964
56597
63642
56691
56886
65977
57050
56235
56455
56540
56767
56344
61556
68904
57275
57386
60616
57298
56533
57139
58923
57833
60287
57042
58864
56708
57392
59519
57775
56463
67546
57438
56613
57665
56753
56639
63339
62150
57122
57629
55960
56081
61385
65628
57312
68945
66092
61113
61743
61852
61300
61455
55887
56707
56922
56989
56573
56493
57085
58578
56719
56701
57228
56978
56628
56471
56776
57552
55984
57374
56890
56815
57050
56352
56594
58236
56051
56819
57408
56914
56523
57046
58205
56610
56901
63953
57666
56287
56869
56624
56808
57029
57447
56911
58161
56644
56638
56464
57006
56555
55866
56971
58745
56726
64011
56276
56786
57098
56795
56473
56733
58184
56908
56368
57378
56537
61211
58866
56879
56329
57664
56931
56690
57392
77384
67163
56795
57602
57164
56486
57361
57803
65614
57138
58082
58637
60060
78389
56396
59025
56320
56631
56525
56523
56601
81897
66094
62835
57860
57263
56587
60390
56737
57814
60196
56723
56988
57035
56907
56691
56694
56566
56138
56806
58619
57142
57913
63045
61726
61756
61925
62465
67300
61858
60857
61540
61074
61546
61817
62142
56715
57757
56757
56691
56990
56614
56226
56088
57039
56686
56522
57448
59478
56620
57096
59973
56589
57093
56731
56529
65894
56181
56164
56920
57623
57341
56735
57108
60771
56910
61483
59770
57961
56723
63262
57849
56729
57132
58027
56503
56804
56957
56753
56282
56470
58388
56741
61612
57802
56231
60990
57092
56723
57098
57003
56892
56248
56651
57026
56762
56763
56828
56758
56500
57786
56764
57462
56334
56690
63648
56251
56736
56691
56601
56563
56285
56607
56748
56673
59289
58057
57003
57250
58334
56054
57048
56777
56979
56921
56825
58113
56807
57227
56713
56625
56736
56344
56185
62141
56647
55972
59948
63419
61021
60963
60563
61414
61003
61342
61379
61864
62178
62112
61448
60905
57656
56661
56008
63131
56422
64024
56555
56664
56927
56820
56483
62607
61759
56386
56654
58749
55959
57316
56307
56212
56863
56533
56720
56146
57376
56602
56112
57823
61219
56530
56893
58363
63226
56462
63359
56825
56750
57756
56619
56909
56675
56954
56506
56177
56522
56065
56740
58653
61359
57079
60170
56856
57564
56545
56662
56884
56543
56157
55817
56388
56083
56971
56614
66381
60784
56865
60556
57001
56841
59303
56796
55944
57710
56784
56822
56410
56903
56423
56966
56815
62485
56446
62002
61297
56846
56206
61209
63891
64696
60751
62014
67426
61977
56950
56272
56322
57122
60791
56085
56007
56968
56442
57161
57604
58741
57116
60675
57189
56348
56964
56813
56128
56112
56802
56604
55856
58749
56317
56566
57132
56506
56755
59286
57223
57002
56897
63212
56677
57447
57732
56876
56341
56727
56451
56609
56046
58342
56496
56106
59436
56614
56422
59750
59589
56341
57267
57550
56573
56517
57664
56524
56220
58159
56496
56746
59916
60535
56309
57766
56895
57068
56967
57169
61885
56898
56843
56577
56776
56794
57079
56690
56520
59352
56646
56747
59882
56130
64154
59338
56740
57095
56607
56330
56646
56764
56213
56684
56857
56462
56562
56968
62666
56823
56796
56243
56776
56851
56746
56066
56485
56599
56602
57013
56369
56515
56807
56789
56554
57900
60611
63765
57194
57429
56365
57204
56945
56808
56482
56974
56553
57306
56872
61675
56945
56831
56534
56936
56700
55977
57275
56958
56541
70339
61607
62027
61737
61421
64635
60653
61582
73688
61518
61192
61659
60310
56964
56995
58481
56018
56170
56324
56599
56805
56712
56001
56444
56582
56310
57885
57655
58583
58831
56850
67667
56599
56893
57018
56949
55827
56419
56125
56006
56290
57699
56819
57512
57536
65481
56789
57276
66419
56697
56375
56692
56804
56313
55855
56534
56565
57244
56662
56976
56680
56357
56534
57146
57646
57379
56631
61362
58459
56844
56663
56707
57237
56678
63954
56800
56922
56762
56775
56162
60796
58173
56841
58583
56216
56246
56290
56827
57008
57177
56858
56108
56451
57279
57425
56187
57161
55885
55898
60517
67226
56092
56725
56930
56990
56726
56783
57046
61853
61946
63152
62570
60726
60370
57631
56230
57291
60688
56799
57164
56303
56053
56780
56392
56651
57291
56090
56014
56451
57076
56963
56010
62757
65620
56742
62678
58368
56833
56463
56425
56575
56602
55914
56633
56305
56096
56951
60964
56868
68803
57020
57370
64081
58687
57947
56274
56629
56993
56731
56650
56368
56612
56161
56065
57668
57031
62792
56406
61688
56963
58784
57037
56157
56727
56707
56595
56554
56729
56634
56521
56611
56149
56483
65229
56913
68586
63485
56735
59029
64205
57169
56961
58045
57119
56455
57096
57333
58076
56940
56963
65927
56370
60283
61545
56778
64162
57403
56876
56264
56449
56751
56739
56394
56226
56995
56783
56804
57560
56052
61276
56128
56374
57231
77449
57264
60206
59841
56838
59348
59960
58603
57022
61446
56677
57066
56124
56973
57041
56560
56752
56392
56684
56692
56677
58098
66267
59536
56563
60817
56632
57072
56973
56585
56412
56961
56631
56130
57918
56930
56399
56914
63868
62587
56599
56843
57654
56446
56505
56067
56827
56601
56721
56515
56955
56357
60797
56975
57434
62616
56569
57138
62891
56496
56440
56759
56338
56422
56965
61171
56408
56631
58011
55822
56664
75972
62365
61435
62388
64141
61479
56259
58401
68841
56517
57227
56795
56929
56879
56813
57215
56611
56584
57357
56777
58518
59755
57085
56707
58238
56573
56716
56863
56852
56787
56887
56312
56135
56297
57553
55930
62815
65906
58498
56832
60344
63238
56215
56851
56871
56407
56505
56804
56476
58255
67065
60033
68139
56955
57218
61322
56768
59922
58956
57149
56790
56789
59189
58317
56719
56789
56405
59443
59126
56784
57608
65234
56490
56492
56874
57331
56210
59128
61138
56836
57737
56406
55929
57123
56158
56773
57619
56182
60055
56710
56200
56642
56657
57225
65030
56593
56925
59915
64223
56583
56459
56517
56894
56820
57787
56920
56201
57834
57068
57063
64374
56794
56836
58123
63728
56428
56644
56186
56220
56665
56915
56058
63308
58606
58125
56583
56378
59845
58291
56277
63006
57408
56680
55938
56683
56824
59995
57005
56875
56692
56749
56555
56380
56713
66359
56570
61274
61511
56375
56519
66133
57623
56877
61559
56656
56698
56010
56623
56498
56040
56739
57035
56314
56745
56759
56408
58205
66912
56932
65812
56874
56288
57127
57122
69133
56774
56146
57927
56762
56787
57492
56419
56800
56377
56095
56380
56482
56349
56959
56629
56544
56694
56475
56605
56589
62172
57386
57102
59216
59525
56677
57712
59698
56708
56266
56606
56836
56503
57204
57195
56743
56516
57905
56602
56391
56349
56743
57020
61636
56754
57249
57455
56962
56840
58034
56688
57864
56122
56525
56230
56077
56696
56357
56652
60301
61498
56323
57725
62473
73360
60180
60018
62868
61310
58153
56745
56843
56811
56353
56789
56193
56707
56580
56412
56883
69210
56487
56612
59285
56748
56442
65701
57183
69332
67226
56961
57343
56856
56702
60094
57310
56306
57587
56369
57109
58908
62536
56178
56492
56074
56620
56919
64628
56506
56511
56607
56332
57020
56293
56641
57046
60206
56777
63720
66910
66179
56765
56085
56921
56067
56397
56922
56304
57705
56834
56273
58296
59289
61171
68553
57828
56532
58864
56705
56474
56473
56130
75140
57124
56350
56607
57465
56766
56548
56457
56879
60582
58550
60802
64682
56973
56922
73363
57811
56425
56384
56691
56741
56286
56686
56621
56925
56672
57908
56624
56819
56408
56360
65484
56799
58194
56814
56372
58002
56626
61379
58867
64506
58252
60278
56450
57064
62177
59190
57520
67208
63582
64671
57807
56681
56517
56682
56423
56666
57205
57082
56412
56988
62708
57407
56067
56853
56926
57140
56292
56657
56632
58023
56806
56039
56403
69510
61424
56652
58096
62539
71742
57198
57064
58386
56648
56927
56659
57175
56597
56236
56866
58577
56381
56509
64584
57058
57787
62200
56261
63215
62319
57130
56104
56183
56727
57912
56758
56175
57557
57582
56509
56621
62415
56404
57442
56612
63886
56769
56442
59842
56361
56556
69640
61391
62085
61430
61699
62196
61759
66448
60499
58719
60964
60814
60283
56247
65847
57339
56171
65221
56903
58368
56273
71031
56694
56410
64141
56951
61177
61427
56469
57081
56938
56822
56953
56902
56677
56914
56731
56664
57206
57955
56480
56032
56992
57734
57048
59023
60208
56699
59467
56775
56112
56719
56536
55958
56969
56791
58485
55949
56939
57140
56830
64686
61750
57245
56272
60725
57106
64398
57480
56479
57004
56522
56529
56485
55963
56626
56603
56419
56927
68083
74054
57165
57907
58190
56749
56991
57201
56903
56853
57444
56710
56969
58600
56356
59376
56610
56619
56951
57689
57355
62140
56709
56796
56536
56386
56386
56851
56352
56716
56105
56665
56298
56584
56269
62673
57353
56827
61164
56830
56672
56793
56741
57360
56566
57041
56569
56056
56575
57300
56801
64903
56474
64004
58063
57535
56497
56502
56689
56985
56115
56675
56568
56923
68337
57585
71130
56764
62371
66051
56100
56363
59702
56491
69776
56318
57118
56677
65913
56379
56365
56725
56464
56911
58135
69115
61895
60813
61458
61319
60334
56572
56328
56242
56787
56624
56553
56146
56371
56774
56132
57847
62573
59028
57662
60555
70319
56426
56525
56427
56516
56580
56354
56148
56811
56868
56440
56546
56459
61857
58870
57214
58869
57483
62638
56602
57488
56355
56671
56627
56411
59637
74157
56638
56496
56974
59016
56759
57019
61962
57479
57884
56766
56857
56592
56035
57014
56174
56057
56827
56707
56681
56643
56736
56793
59167
56890
57733
64479
56541
56689
56596
57207
56285
56144
56536
56580
56517
57580
56749
56306
57791
63097
56838
58432
60135
56895
59050
56867
56827
56706
56788
57184
56539
56750
56694
56483
56653
59943
56573
62832
56440
58177
60932
57022
56953
59626
56530
57123
56457
59253
56685
57018
66543
56389
56292
56784
60881
56269
56744
57163
56530
56665
56403
56682
56661
56713
56831
57061
56655
56415
56150
57804
59266
56928
57229
60200
62628
68101
64528
60430
61895
61456
63025
63239
73255
61901
61131
61197
61999
62003
58552
58558
71286
60570
56705
56046
56538
58758
56547
56812
56705
56236
57204
56359
65266
63170
56854
57039
65644
67029
68555
56729
58234
56754
60123
59219
56622
56662
56198
55904
56626
56949
56598
69046
56672
66287
63181
56859
56678
58526
57709
56363
56190
62134
61168
69282
62352
62445
61620
61060
65424
61461
60739
61060
61994
62024
56192
56787
58229
56468
64646
56790
56487
56534
56894
56655
56836
56699
56526
56582
56616
57306
56271
58124
56578
56202
60390
57611
57151
56283
56400
59660
56999
68951
57393
56287
56389
66428
69205
56889
59258
56657
57036
58742
56864
58686
56633
56621
57295
56685
57713
56746
56195
56542
57301
56245
57007
57538
57151
58104
59783
56837
57153
58285
56416
56186
56506
56460
56317
57308
56643
56696
56059
56711
56245
59891
58453
56969
59187
62804
56704
57335
56037
56566
56956
56821
56976
56163
56162
56439
56976
56679
56618
56628
57495
59443
57043
63710
66628
56926
56678
67277
82333
63211
65339
61640
62327
61770
61524
62967
61199
62910
62233
63689
57695
57463
58214
56691
56320
56160
56674
56259
56778
56625
57998
57001
56649
57229
58335
57035
57104
56558
56699
56134
56900
56541
56658
56479
57128
56415
56223
56674
57288
56367
56695
56095
58217
56138
56241
62169
57021
57666
56993
57287
56328
56774
56461
56444
56804
64303
56720
69735
65591
56828
56862
66600
64710
56813
59600
56602
56805
56948
56710
56773
56907
57195
56255
56543
56522
57120
59604
56410
56979
61011
56302
58536
56759
56086
56620
56584
56875
56690
56924
56869
56386
57009
56550
57195
56610
56846
66351
57228
56706
56575
57812
56405
56549
57042
63556
56252
56612
56672
56363
56630
56604
66258
62380
61256
61551
61514
65738
62417
63282
65720
62669
61951
69596
61932
61662
68183
62848
61099
61859
61499
58362
57972
56299
57079
56584
57097
56205
57280
57223
56809
57002
56816
57109
57182
62278
56373
56881
56576
57103
56724
61013
56635
57512
56312
56535
57533
56767
56179
56851
56222
57311
57001
57420
56547
56504
56819
62096
56363
57817
57231
57010
56223
56726
56435
57789
56773
56570
56224
56613
56404
56373
66437
57124
63802
56491
65595
57346
63855
56563
59142
56876
56126
77775
56696
57420
57027
56389
56691
56348
59448
59576
56774
60194
56516
56763
57725
56531
56418
56420
56237
64247
56426
56428
56028
56403
57406
63240
56129
69714
61977
60909
62208
63013
60553
57649
63063
64559
56860
57143
56775
56265
56894
56592
57271
57093
56986
56553
56186
56606
56668
59173
57031
59463
68751
56794
57431
57677
56783
58467
62238
56405
55889
56817
59284
56501
56759
56483
56302
69456
57126
56435
56862
57125
58980
56199
56894
56937
56961
56540
56853
56841
56385
56170
56360
57255
56538
56484
56436
56587
56614
56473
56517
56329
56504
56434
57040
56498
56139
56824
56571
63015
58447
56782
68896
58335
56760
56241
56644
56882
56562
56606
56079
56229
56786
56944
57071
56610
56342
56221
58043
61909
58826
56943
56442
56476
57413
57875
56318
56098
65348
78407
61175
62955
62579
62741
61831
63229
61175
62316
61261
61467
58362
56713
56682
56222
57213
56653
56394
56468
57333
56345
56177
56575
56346
62732
56939
56914
67799
56758
56401
57033
56494
65558
57001
56443
57684
56633
56968
56503
61702
56719
59673
56908
57739
62903
56733
56447
56617
61242
56767
56773
56651
56579
56900
56716
56682
56825
57016
56804
57261
56638
57506
57161
56880
56329
56872
56722
57012
55975
56975
57192
56663
59844
60689
56701
62368
58874
56528
62313
62334
62548
63067
73004
61215
62265
61971
61905
61548
61537
62533
66095
62604
62249
63170
65484
64048
64957
64421
62770
61668
63239
62189
62432
56863
58982
56488
56763
62347
56477
56733
58514
57055
56641
57895
56402
56541
57881
56567
57120
57896
56128
56592
56331
66336
58505
56757
58015
56484
56171
56704
56607
56447
56801
74734
57716
61278
58652
70354
59157
79790
69236
65589
73961
62468
57798
64583
72751
57159
75410
65609
72447
62031
69113
63175
57965
56719
69926
58654
70100
57746
60234
59202
56940
56809
56552
56949
56066
56582
56006
56941
56801
57040
56253
56949
77739
63703
57297
56698
58063
56277
56996
57739
56420
56628
57850
56850
57230
56974
58776
56910
56983
56821
56545
57120
57459
56123
61131
56863
56719
66135
56869
56749
56983
56656
56989
56443
58753
57574
56925
56895
59731
56780
56802
57811
56621
57072
57086
56071
56127
56760
59079
56769
56872
56929
56766
56490
56947
56556
65711
57417
65238
61417
62944
62441
63599
61774
62547
63319
63803
61551
62875
72674
61191
62005
61521
62403
65165
72635
62195
58839
57201
55942
56780
56291
56643
57162
56351
56542
56136
56613
56343
57186
58023
61749
56814
58012
56893
56590
56847
56684
56331
55979
57719
56832
56645
56156
56422
56721
57238
56737
56602
56421
58378
57204
61742
57838
56831
56725
56731
56708
56347
59055
56327
56767
59341
58209
56750
57233
56346
56735
56294
56982
56713
56288
58520
56724
56834
56299
56911
56591
59505
56620
57200
62601
56760
56380
56895
56496
56313
56586
57372
57044
56657
56916
56482
56403
57632
56870
56697
57040
56719
56638
57794
56734
64496
56811
56489
56601
56408
56924
56833
56324
56470
56154
56948
56997
60198
56577
59579
56966
56148
57017
56185
56212
56708
58222
56718
57026
57344
56574
57323
56316
56520
61230
56966
56809
57655
56995
60587
56629
56780
58421
56315
56878
58278
58492
56638
68836
56463
56576
56698
57662
56570
56280
61326
56094
57154
56720
56771
56511
56590
57665
56470
56772
57022
56760
56517
57714
57637
56780
58314
59968
56496
57292
56640
56745
56275
56305
57040
56264
56885
56207
56964
56351
57019
65165
56581
56821
70678
61912
61995
62386
63133
61506
64343
67165
64107
61337
61968
63502
56902
56548
57561
56239
56292
56534
57700
56912
57795
56398
56678
60046
56478
56326
56359
56876
56216
56777
56637
56247
56281
55972
57166
57608
56596
56574
59793
63470
57668
57323
56960
56960
56889
56571
56361
56015
56596
56029
56148
57250
57007
56436
56899
57001
56789
58599
59060
56264
58416
57068
56368
56292
56241
56483
58439
56599
56199
56765
56876
56884
65888
56068
56835
56896
56560
80810
58696
81253
56599
57117
65714
56546
56276
56143
56773
57299
66143
56639
57372
56732
58026
56212
56951
56693
56803
56644
56503
56463
58876
56888
57352
57083
57168
57460
56850
56354
58452
56573
57693
57385
55942
56214
56963
62241
60887
56813
58375
56416
56329
57372
65770
56561
56672
69103
56850
56783
65531
56517
64396
57536
56513
59400
56453
56645
58075
56682
56687
56914
56223
56721
56474
56593
56819
57054
63940
59276
57004
56629
56855
57448
57587
56829
57560
63924
56706
57902
57039
57359
60871
59406
56340
56746
56877
56845
67298
56752
62233
56275
57025
65821
56244
56923
57096
56570
56562
56682
56317
56601
56765
56279
56124
56485
56808
56449
56176
57278
56506
56652
56818
56607
56621
56628
59491
57005
58022
64422
56859
60272
58193
56619
56762
56543
56237
56639
56248
56250
56705
57137
56872
56102
56742
56849
56777
56711
56627
56317
57091
56839
56358
56465
56701
57723
57048
59801
56591
56629
60813
58999
56264
56898
63481
56821
56665
56716
56778
57342
56423
56909
56239
56719
66703
56700
58596
59740
56800
56521
67047
57481
56297
56442
56993
56452
56570
56497
56864
56587
62862
71637
61921
60734
61670
62412
61195
61733
61857
62197
69230
62006
60501
56849
57243
57398
58603
56287
56552
56693
56612
56766
56168
56646
56258
56851
56926
57116
58118
62596
57061
57534
57083
57266
59312
57592
56815
58062
65209
67812
57570
57287
59970
65567
56581
56588
65088
56767
56713
57766
55921
56702
56798
56792
57208
56238
56571
56630
56392
63949
56357
56896
62707
63277
56360
57062
57016
56738
56853
57266
56817
56366
56455
56778
56810
57088
57063
56728
56201
56897
56413
68750
63965
56656
56255
58836
59794
56115
63193
58044
56337
56339
57525
56960
56474
57320
56710
56734
57437
65193
56855
60679
63697
56499
56179
56458
56176
56707
57341
61904
57057
57148
61800
56815
56988
58251
56749
56765
56154
57269
56334
56569
56680
56168
56634
56762
56852
56152
56800
56611
56821
56756
56121
56574
56129
59128
57053
56604
56110
56457
64794
57618
56726
59306
68588
56441
58485
58469
60007
57543
56961
56503
59156
57927
56091
57858
57649
65007
60456
61066
62309
61299
61287
58516
59075
57026
57428
61876
56666
73479
57576
68324
55942
58517
59025
57355
57199
57028
57127
56488
56855
56978
56651
56395
56169
56137
56978
56725
56582
66905
56900
57220
60593
56829
59902
65943
56747
56655
56393
56271
56641
56644
56500
56764
57379
56680
56936
56991
56935
56558
65792
63619
60407
56560
62501
61189
56608
58461
57491
56544
57292
56869
56838
56450
56607
56788
56486
56630
56413
56894
56953
66856
56098
57058
64450
58417
56820
56341
56327
56742
57788
56413
56764
56454
56864
55853
56275
60095
57302
57326
61932
67266
57042
66189
56149
56484
56805
60019
72016
56609
56303
56985
57542
70824
59452
57084
56503
60898
59536
56188
56839
57052
56163
56038
65255
56043
56896
56858
56494
56405
56385
56195
56663
61240
57727
56846
56640
57343
56169
56483
56493
56709
56704
56310
56957
56440
65360
56788
56453
60469
62444
57099
56209
56719
62747
56421
56691
57293
55875
56885
56843
56734
56046
56556
56135
56052
58848
56668
57063
57944
56637
56575
69308
61228
62030
61787
62457
61706
61668
61160
62165
65109
61809
60999
61686
56628
58329
61717
65711
56696
57205
56509
56695
56577
56966
57087
56617
65872
56600
57135
59747
62970
56902
57213
56167
56812
56244
56208
58551
56482
56745
56392
56363
56375
56687
57667
65806
64454
56794
64355
63324
56859
57041
56230
56677
58343
56294
57432
57248
56063
56899
56193
56694
65242
66395
56715
60359
56436
70566
57011
56722
58532
56655
56712
76681
58216
66270
56741
56902
56492
76047
58211
60165
56829
58395
57816
56423
56687
57147
56542
56845
56634
56602
56639
56328
56434
56741
61006
59292
56785
64153
62666
56923
65543
56767
56807
56150
57214
57739
56936
56403
57015
56736
56433
63124
56246
63696
59435
65577
56786
56967
56825
56259
56718
56841
56916
56842
56682
56476
56603
68032
62783
56737
56719
60604
65957
56847
57753
56758
56593
58958
56833
56839
56215
56659
56703
66012
72719
69219
61623
57011
58418
56713
64868
57093
56801
55638
56529
57853
56891
56602
56366
56897
56128
56889
63044
56979
58502
59479
56220
56067
58892
56603
57006
56537
56634
57322
56573
56410
56877
56708
65489
56424
56058
60336
63999
56641
62900
56202
56479
57245
56364
56254
58781
56321
56503
56680
56537
56785
56316
57487
56835
56353
63828
60934
56746
56218
65392
57353
56798
66643
61543
56727
56512
57952
70777
61951
61691
61894
62363
62012
57383
59830
56828
56989
56467
56727
58114
56031
56451
67757
58295
60946
56668
63230
57858
56477
59555
57556
56713
67497
56550
58233
56664
56582
56555
56046
56657
56845
58516
56170
56805
56341
56898
57403
56588
56678
57619
60238
56755
57016
60313
58178
57090
57391
56395
56980
65772
57127
56772
61678
61589
56492
56644
63963
56689
56945
64250
56889
56479
56972
56902
56373
56071
64459
56812
56358
57249
57325
56997
56785
57358
56586
57648
57151
56805
56747
56699
56632
56797
58636
56927
56540
56964
56607
56268
70566
61398
58228
57471
57863
57108
59233
57993
57006
56089
56177
66159
56315
62059
56744
61462
56316
56238
59392
56461
56913
57247
55924
56581
56666
56443
56328
69705
56843
56893
59230
59736
57291
56704
56761
57144
56804
56696
56966
56684
56658
56681
56792
56091
56874
56908
63121
56433
56716
56927
56713
56717
56632
56711
61666
56779
56311
56579
56907
72555
56098
56722
56758
59467
56393
64809
59011
56274
77752
62130
66009
60025
62394
58741
56601
57878
56453
59972
56360
56359
58177
59657
56335
56219
57052
57358
56433
56624
56716
72803
62200
60918
61435
66296
65475
56696
56456
56399
56807
56856
56132
56712
56798
56450
56531
56366
56628
62338
67111
57345
56795
56323
56101
56824
56568
56794
57677
56688
56531
56216
56758
56934
57201
60428
57489
56904
60270
56448
56834
57903
56554
56110
56860
56984
56747
56323
55893
56204
55997
56634
56572
56842
66428
58667
56347
56973
64682
71544
56633
57293
68461
56549
56856
58402
58058
56740
56595
56324
56497
57308
59749
56238
56322
59623
65230
56592
59661
56886
56685
56942
56500
56632
56548
56316
56108
56337
57000
55896
57141
59523
64984
56146
67719
56773
64140
57011
57789
57713
56898
56318
56212
56708
56073
57021
56517
56933
57466
56816
57036
56940
56049
56711
56943
57177
56698
56726
56161
56087
56356
56554
56564
56733
57722
58288
57415
65602
56475
56551
72975
63728
64917
61547
61777
62193
63598
71322
73615
61841
61541
61122
56551
56627
56684
56505
56959
56710
56167
56075
56505
56698
56973
56646
56994
56400
56073
56851
56776
61768
56057
56727
58736
56627
56611
62481
59723
66685
57350
57715
65764
57933
56738
56282
58498
56037
61550
56523
56435
63610
56975
56841
56670
56332
56502
56385
56180
59015
56575
56362
56619
56697
56795
56663
56957
59526
64108
56213
56666
56139
56307
56144
56662
56179
56135
56589
56568
57129
56374
56322
56144
57918
58894
56712
58342
62142
57078
57670
56675
56225
56492
56804
56526
60373
64651
56469
56314
56442
56934
56529
56618
61574
57674
56848
56234
56631
56597
56678
56708
56639
56780
56603
56605
57105
56620
57036
56912
59179
56472
57088
56913
56780
57038
56804
60374
56160
55885
57154
57491
56784
56732
57134
57156
57092
59875
56233
81965
62514
57465
65104
57491
56956
56816
59523
57907
57249
57087
56543
61264
56135
62384
60239
56713
56246
60396
56422
57926
56704
56908
56926
56274
56304
56733
56432
56873
56781
56608
58718
56715
56351
61719
57122
57811
59018
56727
56748
57444
63397
56942
56633
56444
57234
56335
56789
57343
56352
56720
56167
56206
61101
58476
56753
58577
58330
56448
56602
57162
56828
56803
56628
56518
59114
56673
56880
56725
56680
64548
55889
58192
59732
56783
60118
60878
56961
56409
69972
62073
61675
61868
63767
61993
56640
63444
56520
56941
56754
56291
56392
56616
56823
57815
56532
56775
67517
57015
58419
64158
63723
57660
59054
61472
56949
57401
68963
56788
58535
55995
56598
58273
56140
62591
57046
61831
65076
56703
56575
58887
56771
57360
56773
56730
57707
56879
56515
64744
57445
56815
56723
56016
72368
64158
56937
57133
56806
56714
59219
56589
56434
56035
56176
56566
57635
57902
56722
56552
56471
57352
57675
57046
59782
56808
56440
56436
56478
56128
56977
56274
56994
57031
56684
56663
56731
56998
56417
63308
59726
56498
56425
66986
57789
56360
56792
56168
56414
56379
56468
73645
58792
68079
61923
58597
57430
57563
59979
56322
56789
56322
57789
56311
57011
56742
56339
56669
56528
56932
56479
56050
56750
59375
57251
56674
62118
57359
56382
68570
61894
61929
61379
60260
74073
72336
62208
60498
61734
62393
60903
58543
57567
56227
56588
56999
56484
56591
56649
56964
57165
56699
56634
56676
59058
61339
56923
57667
56136
56725
63891
56892
59002
56678
56881
57062
56458
56564
57129
56690
64494
61167
56765
64053
62739
60517
56451
65110
57249
57689
56741
56723
58122
56775
56865
56944
56429
56812
56741
56129
60218
58482
56612
57563
63504
56598
56486
57011
57047
56493
56779
56343
56358
56441
56216
56245
57001
57567
56817
60280
64054
56873
56777
56616
56824
57928
57219
56481
58152
56563
63077
56834
57650
63910
56192
56132
64191
56388
56170
56834
56243
56940
56428
56500
73706
57660
60949
59879
56507
57749
60265
61360
56483
58569
56338
57136
57633
56746
56905
59139
67909
57433
56966
57502
56900
56393
56743
57633
56579
56554
57550
57113
56722
61346
56463
61339
61952
61149
61172
61036
60302
62451
60752
61729
62858
61216
61069
57615
56408
56463
56800
56562
56095
57977
56108
57655
57787
56508
62359
56578
56750
58003
63876
57097
59294
56562
57249
56833
56534
56219
56309
56555
58851
59104
57125
56496
56204
57472
64023
56937
58011
56771
56362
56627
55965
56830
56475
56676
56705
56728
55962
56567
56937
56916
56652
56178
63623
60163
56506
60955
56637
56854
57098
56973
56619
56732
57995
56373
56239
60940
56671
57039
60745
57243
56042
59419
59615
56930
57599
60891
56868
56570
71509
58561
59417
58191
58145
56846
56833
61313
56834
56723
65861
58580
55995
56571
56553
56395
56831
56725
56454
56893
57066
56385
56837
57146
58139
56256
59905
62351
56796
57485
56908
56959
56580
56672
56496
61635
62240
60211
63571
72649
61870
63041
63115
60957
61638
61784
61462
57357
56754
58640
56913
56868
56887
57025
56734
58076
56730
56887
64191
59849
56690
57452
63422
56998
56697
56697
56537
56830
56434
56619
56719
56393
56651
56851
56758
56737
56841
58388
61806
56766
57136
64019
61591
56390
56985
58415
56469
56271
57420
56136
57237
57583
56865
67879
57235
56281
56466
67657
56609
56765
56641
57425
57203
56418
57084
57890
56662
56829
57347
56694
63788
57475
56531
66109
56962
56529
56274
56043
56889
56187
57053
56539
56787
56594
56983
61743
57335
57558
74675
70752
62186
56959
56762
57283
57174
56988
56859
58602
63798
56005
58528
56914
56825
56580
56522
56793
56752
56433
57099
56613
63844
56174
56923
59176
66372
57306
57067
56608
56741
56353
56866
57281
56779
56597
62725
56142
57371
65697
57662
57308
62892
64366
62133
62659
61911
62283
56864
56120
56849
57465
56581
56932
56365
56061
57021
57624
56676
57210
56280
62321
57131
56963
61569
57096
56733
56061
56326
56743
57870
56165
56769
56405
56365
56715
56787
56662
60959
57040
57684
62186
61636
61770
56261
56013
56768
56491
56397
56565
56603
56675
56850
56571
56737
56823
62611
57468
56144
57049
61940
62967
56607
57620
56368
56468
60665
56595
56525
56533
56267
56271
56161
56358
56883
56735
57089
56529
56956
62933
56857
56939
56909
57099
56050
56357
56031
56603
56381
69253
62357
60988
61258
63417
62835
60251
64656
62313
61661
60817
62766
60038
56433
56962
75332
56939
56602
56492
56960
57021
56401
57312
56872
56645
58953
56125
55808
57690
56936
63755
64898
60236
56513
57048
57131
56757
56424
56991
65708
57126
58098
56903
56827
60617
56618
57141
56359
56659
56312
56888
56212
56912
56214
56431
56465
58993
56584
57613
58655
56209
56967
60636
71276
63202
61633
62417
64527
62010
62341
61588
61033
62573
61966
61510
60946
56166
56256
57424
56806
56898
62961
56544
56576
56981
57003
56753
56304
56782
56027
56912
56660
56612
57066
56553
56911
57171
56322
56698
57318
61520
56851
56744
62149
60531
56742
56308
57192
56819
57038
57188
58990
56479
56695
56697
56842
56867
56353
56793
56978
56312
56880
62667
69151
66374
56750
66067
56710
59023
56754
56884
56778
56209
56652
56880
56601
56619
56609
56614
59818
60973
56705
56127
59919
56563
56460
57541
56077
56083
70317
58854
72966
56777
61635
56670
57189
61660
62408
58804
63228
61481
61203
63141
63765
76350
61354
62035
85117
62580
61610
74544
61523
62280
61655
56757
56203
57007
56276
56735
56883
56432
56789
56833
56353
57893
57801
56579
56866
59045
67757
56520
57132
57062
57364
56741
55987
56047
56856
56352
56133
56635
57023
56726
56736
58046
56235
57652
63583
66580
56820
56533
56764
56371
56853
56463
56335
55982
56386
56843
56748
61618
59943
56675
56815
62153
56548
55998
56609
56259
56080
56326
56479
56130
57263
57017
56529
56813
56438
56733
60389
59886
56671
60832
60967
56155
72699
65880
65928
60784
62166
61719
70495
61773
60938
64514
62401
62829
62939
60750
62398
63165
61929
64133
62503
61564
63774
57020
57321
56872
56934
57581
56278
56563
57681
56836
56616
57117
56207
56596
56224
57126
56801
56995
59270
56650
57592
56809
56166
56458
60147
56365
56710
57316
65384
56007
56688
56549
58277
56969
56259
56699
56324
56872
57471
56724
56731
56940
56606
57818
56856
56726
56706
56995
56582
56763
56709
56966
56783
59894
56434
57137
56975
56271
56475
56602
56393
63073
62723
62253
62428
62037
72744
63114
73628
62862
63593
62577
62876
62115
61463
63141
61887
60652
65857
59851
56855
56666
57206
56614
56929
56094
56970
56584
56428
56648
56225
57179
56610
56613
56580
60062
59132
56860
56689
56791
56478
56519
56619
56557
57654
56492
56771
56775
56896
56979
63774
57373
56556
58272
57025
56738
58041
56831
56616
56081
57586
56908
57842
56442
56659
56620
56534
57673
56726
56784
57452
57262
56904
57791
56557
58716
62367
63161
56765
56113
57431
57166
56837
56888
57729
56425
58163
56495
56072
60262
58213
56508
58821
58800
56571
56843
56638
56303
56561
56737
56601
56322
70655
57274
59094
64999
58827
56174
57667
57901
56564
56412
69161
57753
56747
65962
56034
56415
56571
56972
56555
56570
56951
56796
56853
57624
58868
56544
56962
56867
56949
56953
56477
56840
56137
57277
56405
56889
58932
56812
64070
56874
58826
56355
56920
59687
57206
57159
56579
56811
57051
56828
56356
56683
56630
56412
56183
56768
59322
57150
56473
56531
56213
58218
57341
56384
56172
56197
56911
56671
56322
56723
56936
56695
56420
57084
56389
57650
56566
57075
61623
68985
71656
56830
61803
57505
69233
57840
56555
55962
56435
56262
69651
56199
59957
56910
56473
61049
60728
56802
56880
56289
56968
56069
56516
56836
56073
56533
56691
56899
56902
56542
57136
56959
56964
56528
57203
56804
57568
56571
56182
60943
56408
64786
56313
56361
63111
56356
56045
57209
56583
56452
56458
56813
56552
56868
56434
56604
56769
56947
56976
56755
56857
56392
56989
57780
57807
56572
57809
56555
56664
56703
60026
56930
56254
56657
56277
56384
56348
80487
56895
60158
56738
56562
56817
57509
74111
61317
62756
71281
61336
62213
62557
61247
65303
62603
62823
62758
60638
56482
57498
57109
58023
57165
56679
56815
57856
73444
65451
61771
57964
63632
56949
58079
57172
56912
56816
56386
58369
56616
56796
56475
56881
56440
56798
56471
56630
64726
57193
56581
56620
56487
56819
56829
56665
56915
56879
56571
56504
57351
56999
59219
56811
60075
56849
58585
57847
56546
57824
57393
58842
56877
56937
56673
56585
56347
56687
56845
56230
56483
56631
56722
56096
55818
56620
56988
56673
56579
57223
56699
56212
58310
56762
56505
56520
56509
58361
56611
57248
56972
56430
60263
59176
56904
57221
58507
56834
57379
56624
56656
56191
56494
56342
57353
56694
56590
57697
56351
56784
55990
56220
56493
56700
56477
56990
56120
56686
56745
56923
56392
56278
70777
56470
65652
72636
57570
56684
57831
57053
56702
56931
60486
73794
57157
56157
56017
57769
56761
56277
56495
56717
57587
57040
57081
55983
56026
56333
56559
56206
56656
56088
56317
56858
56587
56554
56232
57389
56438
56690
58378
56395
56291
57474
56948
56765
57150
60187
56703
56240
57769
58786
56630
67886
56596
56297
58286
56888
56452
56329
56494
56329
56261
56868
56431
56414
56308
56520
55964
57015
56538
56329
56696
56231
56878
57172
56944
56552
57093
59302
56252
56788
60071
56262
56624
56757
56067
56646
56580
56555
56003
56864
56641
57282
56938
56414
56381
60085
56542
56749
56726
56892
56723
56712
57138
56602
72226
56736
57537
57103
57983
59732
57521
69371
58999
61294
63087
62283
62892
63384
62533
62811
63598
62202
62572
63329
62695
62787
62680
63066
62349
61775
63281
76362
61734
61594
61646
72976
62700
57075
60596
57217
57250
56666
56694
56804
56441
56749
56634
56441
56896
56884
55789
56560
56196
84920
58144
56830
56902
56194
56121
56834
58969
56939
56896
56339
56365
57163
56137
59501
57362
56520
67681
58719
56718
65443
64408
56479
56940
57136
66086
56351
76876
57570
68434
56735
58500
57221
57862
57793
57732
56681
57421
56898
58111
56090
56558
56789
56307
56684
59399
56983
57960
64813
56869
57333
58119
56845
56961
56731
56766
56581
56960
57624
56527
56834
56682
56454
56946
66433
56541
61231
62021
71366
61604
61246
62084
61300
60948
61281
61465
62035
61115
56873
57321
56793
56607
56665
56695
56489
56770
57059
57051
56626
56911
59084
56538
60374
65459
56664
56372
56718
56780
56411
56615
56497
56994
56172
56548
56104
56707
56732
57572
57936
64645
56586
59840
61468
56874
56813
57783
56895
56863
57064
65262
57791
57794
56432
57355
56659
57952
57610
56954
56733
65022
57008
56436
56392
56431
56229
56620
56539
55965
57527
63446
56231
56849
69081
57130
56292
70070
62227
61418
62014
63363
61780
56035
57611
65520
57137
56653
57283
56363
56244
57290
56545
56648
56864
56661
56799
56262
58158
56760
56394
56945
56566
56033
56418
56505
56372
61931
56617
56134
57196
65123
56654
59401
58121
57095
56921
57237
57373
57085
56496
56507
57065
56846
56456
56792
56826
56520
57656
56732
56919
56863
56495
64755
56720
57357
60017
56342
56635
60349
59567
57038
56575
66701
57287
65062
56837
57302
57496
58031
63889
56320
57690
56356
69240
56291
56905
56742
57053
56943
56612
57014
56681
56469
56609
64115
56801
58531
57378
57270
59966
71566
63435
62488
62636
60799
62290
63242
71879
61991
62795
62703
61650
61876
61996
63690
63168
61104
56479
56438
56460
56805
56321
56423
56691
56612
56853
56250
56544
56177
56551
56509
56522
