56223
66429
56252
61455
76606
77405
57961
55902
78229
61003
66056
55930
63440
66326
73445
75621
65924
61062
66594
66465
64694
60445
55776
55908
60919
55936
68145
66491
60974
61620
61788
71328
60181
61088
61458
67853
76181
56471
70814
60389
60552
55949
73539
70030
76878
55758
56500
60513
56498
61240
65992
72194
66207
66473
55917
75016
70441
61225
56067
61274
65758
82373
66034
55881
77495
77481
67064
68929
56451
60808
55913
65318
55531
61531
71985
66342
72864
60736
56023
60963
56023
61248
63799
56405
61512
66746
61336
56568
60942
66679
56133
56058
82834
68627
65917
60179
68302
71599
56269
61093
56032
55773
77183
60461
65476
60345
62760
61208
60519
65811
58252
61302
60783
56459
67413
61604
56113
61624
56684
77786
61135
56297
56333
71795
76622
60866
56047
61608
71210
61062
56199
71072
70556
60980
61449
76591
61202
61033
73914
82387
66217
68305
62251
81567
61274
61922
72561
67840
76863
56044
66523
65501
71189
61207
60762
76959
70419
60961
63819
71177
60932
72549
67400
71049
60512
66201
55788
65959
55823
61000
61093
65859
72107
65206
56030
65667
66564
76600
75694
55867
56006
73525
57146
66705
61785
61320
60625
66468
72103
61231
61545
56723
66544
61261
65928
55701
61245
56630
65587
66042
66153
61148
71272
83195
61096
60777
60883
56178
55641
60646
69536
62290
61034
61324
60898
65945
61099
66709
71892
61223
66700
71300
91050
63899
61894
60756
60748
61344
81200
67357
70879
60941
56124
61116
61051
61110
60947
66638
56641
65243
61659
70553
62020
55864
56090
71243
65458
65864
56174
66340
66031
60640
55725
55899
66918
55698
62886
71077
62305
71266
61266
66565
60923
66184
76100
78840
66498
71866
56199
65724
64382
71331
60509
56026
61953
76666
71566
65971
65936
71644
65690
65519
60931
60487
60718
62124
66250
60793
76907
55931
65155
66355
65819
64077
65818
61150
55972
61032
77150
66324
61215
60189
63399
65902
61175
61561
61076
59369
65667
66343
61094
60824
61085
61193
66094
66071
61196
77622
65501
57231
61069
70879
73063
60739
60992
66320
66446
75357
60997
56619
61140
61054
76876
58752
87363
57494
63417
66716
73394
70843
61373
66502
71177
72134
62586
61924
72149
77216
70277
62531
56746
97074
63016
56767
72285
62547
63053
72146
55948
55898
60704
61767
65826
65638
61269
74436
71174
65301
61273
61460
76898
82662
61195
70940
66248
56090
56262
61212
60915
76609
81670
71711
67401
67954
59541
63261
56041
68223
57171
66669
65953
62243
67920
61544
68677
68705
61734
61726
72495
78624
63919
56266
60172
57450
61153
60745
71073
55786
72183
66127
61627
61160
61229
60963
61140
58518
65733
56096
71070
61945
61975
60352
81780
60923
66054
61184
55895
61035
73091
63031
67019
80907
56783
67815
57046
66164
60559
60850
61041
81995
66636
61526
74757
56237
60213
66913
65491
66205
65980
61377
66227
70596
65944
76930
83764
61315
61883
62801
75810
80486
55934
60876
60941
62613
61135
61031
74779
61357
60866
77518
68170
71697
61061
62377
61206
66104
66118
61251
56755
71221
61287
71584
61298
61129
62102
74661
66720
65931
60982
60982
61510
66142
61056
56284
60392
66587
61224
62626
68085
66951
66658
56896
61960
61155
61461
76499
76503
66150
55969
66010
71253
67700
60674
56369
61065
60966
65771
71494
66208
65942
65235
66004
56146
60688
67007
70861
60772
60942
61019
71737
68166
75219
70721
61368
65758
56373
56926
61239
68054
60945
55927
56795
70718
60740
71434
82020
64604
60863
61095
71419
61167
66221
64771
61063
60843
61411
60877
65976
65600
71098
66531
56187
65919
61583
60577
66104
66858
61755
71617
72310
66145
61104
56173
60771
61008
61611
60847
61168
61766
71954
56382
60954
61364
82021
60235
62381
65791
61198
66688
61774
55698
65870
57047
57355
66453
61301
66052
61283
68322
71105
57273
60995
62980
70835
60977
65953
85659
61100
70410
80717
66367
66067
60814
55965
76516
71520
56960
60964
66365
55714
60709
61202
71829
73596
72791
59552
61383
71833
66717
72322
72937
75219
65974
67073
62234
61792
75188
65809
55834
56114
55900
67035
66631
60862
66330
61153
55991
66339
61182
75780
71244
66366
61433
66305
71404
61245
61252
61243
60937
73598
61088
70726
61527
55667
66080
55901
56397
76023
56375
61012
65504
61369
55944
82169
55825
61201
61288
71540
61189
65769
61029
65980
55829
55783
66299
61344
55796
66220
61584
60906
61412
66728
73449
56092
56924
66894
65703
72903
71117
61166
66010
66619
66157
65049
77375
71951
66343
56820
66132
61138
77115
66999
71496
65994
75694
66263
66676
57899
65813
55977
61701
67755
62803
60872
61095
61036
56157
64094
55847
55983
71615
61121
66509
61496
61469
66230
65865
55878
61360
67508
56218
66258
71180
61895
71123
61051
72273
72468
60901
65945
67829
66534
56621
61925
55906
57973
60974
61269
55939
75726
60934
60288
70370
61559
61208
66049
66480
61044
68549
55655
62482
61459
66085
66414
71109
65818
65856
65666
66595
68703
66302
67788
61166
56864
71149
66018
55655
56065
61480
61056
55936
65916
60863
66217
61551
61237
65927
56060
56228
61236
66515
57060
56300
60670
71169
66343
61296
77331
55804
65768
63018
65831
61299
65832
61148
76752
60974
60752
72802
77686
56225
57529
65950
86890
60849
55816
70737
61153
56022
60896
62590
61269
70633
56052
60567
56155
61567
61148
57007
61078
56517
67130
66566
77023
60820
55735
60598
66330
61802
61221
65883
61024
61365
68726
72458
56146
61377
74938
56316
62097
62354
62519
56276
61294
61856
56577
63069
68581
74619
66824
84554
71456
58402
67159
61875
72295
66929
68508
57899
65387
61605
65999
55811
55915
62680
66127
56115
66168
66166
71261
55842
66150
65783
76853
77269
55807
81691
55951
66603
61274
56092
71832
60596
55823
56034
66604
56036
61032
61027
66166
71402
72652
61319
56176
71720
66034
56304
60499
90492
71782
56466
80521
61838
71552
66368
56138
61251
65647
56267
66024
56038
55895
60746
72523
65416
67519
56268
66578
71079
73101
61317
62427
60654
65821
56462
65463
61164
56377
65833
65563
57790
66019
61325
61187
60801
56061
65977
65876
56944
66440
66349
56178
60959
55973
60608
55861
70742
61422
71525
61054
60950
61004
70775
61453
66225
70668
57140
66452
61499
56734
74219
72693
71481
57779
62515
72279
65308
56934
67320
62058
61595
61928
62140
66687
62155
61676
61304
71692
62505
57783
78666
61636
57019
56057
61044
60282
55981
61256
60466
71799
72033
66123
61051
66067
56182
62110
66421
66044
60216
55941
61504
61152
60837
56131
61271
83014
65986
77215
61282
70543
72011
55887
55979
61001
66050
61633
70792
62024
60721
60817
62123
65672
61220
68872
67023
62211
61054
65167
60966
60978
66298
79123
66992
66124
61454
66163
66661
61161
55835
55863
56029
56205
61064
76870
55928
76920
66658
63554
60448
60669
66315
56302
71100
61976
66645
66190
56678
61283
66816
61305
66068
56251
66392
65324
61036
56650
61529
61275
55984
61421
65014
55822
61271
65940
56074
60712
61189
77656
65374
60430
61856
71532
55987
67986
65957
55786
56889
83718
61218
56239
56333
63905
56981
55901
71152
66260
66079
61311
60472
82387
61465
56455
72375
61299
67567
62364
65937
56283
55981
64839
61085
60993
65583
71898
55943
72886
69474
66879
58515
66282
56145
66437
61099
70984
76316
57105
61262
71540
61101
56183
71256
56207
60669
71173
68557
72045
77412
76508
67055
80699
56183
56049
55981
71207
65686
60970
67166
73807
62047
67118
62716
77115
61230
56310
61376
71510
66708
60041
60962
72541
66176
60898
65578
55891
61470
60617
56871
65873
60505
55834
62211
61768
65568
66412
60965
55911
72614
56093
60980
65129
71110
66246
70456
56012
65527
56361
66270
68485
72370
55821
60729
65071
73291
61299
56135
60995
66171
65894
60759
60901
65888
61300
68844
61024
60677
55977
60865
67382
60458
56151
56605
56168
63356
66076
60887
66475
61459
71822
70518
66033
56244
56426
65864
60120
66592
67904
64139
72921
67949
66630
78643
62398
60503
66266
56061
73157
82661
60938
67436
75918
77246
61110
67187
55891
73883
77418
71117
56751
62704
72648
61301
60932
65956
66118
66002
66121
61776
56425
65370
61977
83167
79411
64071
67164
83037
71526
60566
70434
60745
61067
65949
61133
60817
61410
61397
55958
55824
61370
71965
65708
81031
62217
72751
67358
60968
62368
61528
61729
71355
63084
56390
60592
65056
61098
66070
67530
61075
55987
86779
66194
66840
62814
66309
61134
57111
61166
66071
61449
64427
61084
55858
76379
57084
60975
62654
67979
70725
63111
77216
62788
60856
60309
61177
60870
65974
61163
56105
66207
61078
56608
65903
61313
66127
61025
66102
60999
61100
55901
65048
71888
73904
65513
56630
56494
71573
66172
66050
66597
76594
66045
60742
61302
61364
71723
60676
61071
55918
60644
67086
65569
66010
66039
61168
67700
60426
84781
72135
65834
57289
72006
56400
56939
57904
73718
66198
71896
66124
62803
89630
58569
61415
71743
71137
62226
61321
56487
66481
62571
56386
66220
66125
61689
61114
60955
61249
62311
80571
66727
65800
66120
66455
61114
74749
65782
65879
60979
67400
60676
56532
60944
56019
61293
56342
66317
56300
56234
61538
61137
66224
65582
61124
61111
61213
60830
57811
60999
76850
76642
72622
61549
60970
76433
66725
61219
77355
67683
70610
66170
66068
69075
61684
66666
57057
58080
59006
65937
56545
65358
61148
73365
56085
71860
69273
62025
61452
67438
71654
61919
66342
66890
60010
77346
62170
60675
65803
66331
62023
66451
66670
56849
65225
61195
71930
61056
60358
60287
61152
56113
56257
80949
63010
56172
60655
60887
62460
60807
65151
61141
61026
56296
55916
66388
60730
56120
57313
87273
61747
60576
74821
57239
60893
67280
73390
64570
61321
67867
56616
61930
55896
61064
66728
56075
68131
65276
61565
76955
56400
56623
57621
61050
56254
61297
60948
66070
61157
56132
65827
72313
66323
60594
60383
70879
66024
67257
71715
63457
56114
66086
72462
76598
66884
66397
65457
56035
66660
55984
56211
61342
77195
61126
65863
60916
60469
66278
71753
73958
56939
76158
62086
67408
65873
71164
57889
67199
61024
65844
57059
66427
65832
61286
77783
61217
55692
58407
65963
60284
60616
85842
77068
66020
67370
70799
76376
66125
61499
61734
66276
60826
55907
82101
74551
71162
55910
65837
62065
56590
60802
55972
66225
60816
72492
67062
61605
66171
56361
60952
65771
56146
66302
56093
61110
68846
56307
71622
61129
66346
62688
56981
65934
71573
66591
61099
60737
55848
60832
66170
71058
55792
57911
70040
62868
66072
66032
57470
71920
62342
84600
66030
55933
68984
56408
72442
66095
71327
65974
56250
55858
61338
61199
66186
61089
55931
61001
76779
66691
61641
61280
56226
61720
56097
57624
61059
60971
67118
66128
73181
61251
66509
80437
61576
78226
57717
61774
65552
78259
66633
60495
60870
65841
65944
60863
66953
76766
66110
81960
66490
56131
81791
71301
60998
67010
66565
71297
60582
60888
64346
66799
61222
71583
62348
61440
56497
81058
56240
65257
65938
62159
60828
68076
64942
61558
65686
61292
66413
60816
76616
71248
62629
67261
82035
66731
74348
61375
71169
73249
73225
62181
58146
77468
67937
75389
76793
71212
71031
56192
71900
66017
56571
65684
75108
70994
71476
65897
92037
61574
73168
56569
66664
67329
60725
66190
55714
66704
66297
72160
60960
57007
71786
65943
66052
56271
66754
69113
76370
61059
76520
71421
61041
61645
62061
61027
60770
71724
60973
62822
56836
56338
56153
61941
61245
66030
70579
71866
65581
57226
61057
66760
61222
61262
61416
65847
60889
61256
65996
66017
70204
66955
56495
71692
56220
66061
61198
63975
71108
56037
71022
66925
61245
66083
65896
56172
71310
60998
55990
56275
60911
65926
72420
62575
71136
67443
72298
62832
61454
56818
71173
67227
77401
60932
55850
60391
61362
65911
60726
61218
61205
61351
70954
56016
61730
68379
66258
65572
56034
60985
56114
60774
60767
56193
61278
71479
71174
56114
66356
61225
71945
65603
60945
70913
66367
72016
75642
71614
72327
65628
72388
60917
66488
60905
61005
61050
66085
61125
61560
67030
55678
60298
56345
55984
71699
68261
55932
66019
55852
74361
60358
72440
66057
62771
61400
62062
65673
66326
62305
61746
65857
61909
71415
71371
76587
61081
60744
66283
61150
66162
55805
65316
61044
66822
61084
57032
61409
60651
61046
56269
67050
56107
61154
56014
56126
67977
56777
61375
66107
61138
60251
65843
55842
66464
66072
66001
66160
61258
60805
84269
61199
76727
64835
61971
66649
66511
61135
65195
62595
61038
65107
70862
65989
55753
55982
61161
56187
60375
61163
70589
62009
60964
61380
66076
85473
61569
62499
66085
75794
70886
61226
62219
65756
56150
66136
66605
71618
76215
61130
61115
66957
65773
60721
68387
71431
71412
62483
66244
56024
60916
62999
62884
71238
61607
67685
68971
60360
66457
75399
62730
60999
66525
61539
57452
60928
55641
66029
77915
66030
56278
60887
56690
61026
61274
65609
55887
61337
81536
55680
60942
72843
72529
68684
70074
58909
56313
66476
82067
61816
76543
78360
62330
65576
66841
60888
60996
56329
61052
60906
71245
66049
65695
60194
61203
60585
71657
62174
60411
61186
75412
68309
75118
66348
78777
61729
57016
61663
64473
73981
61244
61669
76805
66274
66921
61065
65499
61194
61205
71670
70627
62947
57496
71797
61022
66725
61709
56373
66915
61175
66285
58002
71389
61229
56195
66140
55954
61481
77102
62729
55938
61688
70420
62047
56904
67327
71184
66092
66157
61049
71438
61508
67788
66031
71591
71108
81408
78714
82102
57944
61305
56973
63921
61683
67500
68445
57298
60531
71284
56109
66130
73006
61701
71495
60910
66428
61170
66006
62901
56486
62150
72572
60702
55781
66603
67172
66288
60795
61156
56056
61094
60868
77623
60910
60914
70308
65894
61370
67669
83410
61816
61156
69868
73337
63621
61198
56392
61452
66158
56256
65139
55843
55910
56475
61890
65345
62278
65873
62076
71103
71828
61052
66275
71264
61415
71341
56450
66956
56063
71816
76560
60724
60448
55895
66966
58124
76640
60844
61248
60868
66125
55766
66112
66177
66317
70993
61132
60974
55877
55589
60388
66094
72085
66050
65875
55857
72517
66108
65924
66195
66939
66340
66055
66815
71380
61585
65982
68247
67217
55854
56349
61058
67317
65617
66805
57214
71578
77783
66850
87273
67129
61435
66724
79914
60889
61848
82647
61095
60876
55903
57126
65947
60958
63872
67336
57847
56982
57001
55828
71575
64791
61779
61412
66617
55896
72023
67569
72986
56216
66314
63849
66748
72197
61941
64353
66901
76257
62180
56843
61745
66726
68697
73568
58383
61381
66338
61390
66408
76873
65778
66118
66257
66009
56090
60895
65658
56669
60803
61087
71925
71162
66479
76744
69693
65459
60774
56835
60613
65780
60878
65972
55904
71855
61135
65980
61491
65867
64438
65686
66274
60882
68071
67008
55765
58508
81212
76323
61881
73626
61574
72774
55833
66296
56485
60985
60515
60924
61439
61083
66667
70562
65967
61131
61021
61146
61042
60966
56655
71917
56666
66917
75768
65961
60918
60745
61031
71943
60780
61437
57832
68026
55938
71718
61032
70941
70384
66169
60767
60775
61044
65908
55787
60983
81077
71335
65511
65660
65751
68126
61426
56392
62046
58835
65950
61625
61454
60669
65249
66291
57212
67021
71630
65818
61316
76479
67262
71592
62400
64672
61298
61244
56022
71383
71383
55958
56686
60678
66250
65823
71639
61179
61972
56028
68948
60835
61091
66465
67956
65546
65631
62420
61259
72172
60652
65812
61086
76356
61168
61822
55848
60736
60961
62678
55756
80763
55854
65790
69033
66841
61091
56007
56510
56699
66257
60921
71134
60694
60798
66102
62380
61234
61471
66217
76586
66554
76641
55901
61524
61188
66693
62830
55710
57016
61246
61080
66470
71043
61384
65799
65606
77982
65966
67556
61484
61135
61258
61083
66198
60241
61397
61173
75527
71200
65118
63161
71992
75120
65343
71435
61564
68169
60945
61191
56051
71305
65960
60967
63462
81054
61383
61140
66122
56216
77171
60947
56759
65947
61515
55941
72798
59753
63212
60910
55934
61080
61059
73890
61075
66033
55838
71667
61027
56568
67401
67237
61199
76242
60900
75615
61163
55851
65910
81858
66100
76106
70495
75683
66148
61288
71271
60909
61063
66148
62572
61216
66232
61117
73626
69785
76035
61535
66511
71480
60000
61202
61126
61102
66497
66098
56513
56067
60930
70900
56293
56087
56884
71465
60816
65530
56026
61133
55981
56132
57350
56726
56115
61220
66190
71633
56092
66381
64932
60537
61612
61098
55960
56061
66294
61307
71845
71529
66092
71179
62537
61292
70335
61276
71769
70289
61142
55703
72346
65823
61233
56088
66078
60827
60427
63517
60901
61157
61300
60397
66134
66106
61355
69826
65465
71279
65864
61220
66353
71094
61010
67449
55963
61589
59482
60095
60969
56089
61315
71027
66488
65635
60815
55878
55895
76043
66510
65637
55573
55926
66001
61713
77184
67220
60589
68013
65892
65717
67639
60923
61130
66432
71755
76255
76537
95214
77597
72187
66539
93330
77150
78722
77288
77191
77098
92133
87330
82097
72567
78590
89988
92985
82630
84491
72226
66967
66981
82452
92890
82146
67349
71736
92736
82588
77366
77027
66983
77512
81663
77100
77526
80100
82071
82948
68803
66800
66814
87576
77770
88302
88171
77430
72168
71681
71932
77290
76659
77761
66953
72261
77113
76932
72196
72087
87744
66482
72065
77248
89975
97804
67155
96131
68385
66728
66887
92534
67221
72397
77019
76225
71832
82111
77675
72328
66983
71761
77687
78202
83924
66784
72532
82620
77083
72321
66762
86833
71901
72619
66812
67008
79331
72144
78933
86921
72863
77070
77210
85734
82249
82605
76725
71649
92590
72328
71669
78600
72541
97914
77461
78467
78263
72397
68297
87834
66842
73657
68015
68378
80628
66991
76741
67374
78528
89035
71851
98951
92852
77049
73362
71124
77389
97283
87006
87395
70837
66873
82162
72007
76552
77377
77274
72045
77098
66807
77461
72345
76432
72090
67657
78011
76969
82742
76984
83071
87645
88346
72977
76864
71869
87388
72669
72119
81954
66845
82620
71231
82051
71731
82739
67336
76700
71276
83031
82030
68096
77067
67609
67200
76594
72427
87985
72520
88058
77877
77178
81856
87284
77773
67290
82890
77999
76687
75989
78133
71933
77379
81982
77136
82289
71727
71813
77981
67639
77895
76935
81395
82271
87773
92258
82116
82144
72495
67216
76661
89751
72739
93255
77475
82145
66718
71841
72644
76968
77188
77813
76143
76585
76713
77238
81828
78597
67159
66894
71967
98098
77717
72430
93717
82767
66983
71589
78843
72338
71937
86884
72188
72071
77662
71916
66918
71964
98347
71976
67315
76403
71983
87725
71740
83444
77222
82799
66749
87075
76741
82480
76751
72132
72436
76785
71898
72116
76661
80804
72669
71825
88892
82031
66876
81896
71926
72356
67146
76916
73046
77020
72013
77529
66848
69960
77002
66911
66720
79808
71696
88549
89257
67785
71813
76998
104847
83080
77067
80572
79779
71836
93322
68049
67030
78162
76839
77959
71971
81833
71866
83439
89136
87526
72261
77807
83474
89176
93023
77126
77319
82288
87836
72189
82489
77213
72251
77315
81786
71822
77022
78005
72378
88281
92579
78739
77256
67129
81671
66781
93100
99673
71781
98168
77832
77235
87776
66816
77028
82785
73194
82672
67608
76581
71922
85453
87282
72029
77189
77041
76758
76126
81744
66848
82788
77266
83511
77882
98434
88201
87246
77134
82085
72262
83477
71316
78724
73360
88814
79446
83322
77483
82337
67047
67246
78613
86679
86956
67486
66801
87885
76975
71262
71953
77438
82094
87640
77175
72324
82410
71575
83853
67565
76716
77111
82268
83084
81821
78504
77104
66977
67072
71820
82981
66804
72014
82741
71787
68857
77034
76515
83137
78157
66915
77212
66706
66601
82413
77143
66827
66859
81909
98035
67090
87532
82211
83554
78521
87810
77729
84266
83965
82360
106017
78124
83190
76240
89109
88613
72741
81856
85467
74855
83924
87487
76127
69846
78937
79486
68441
74015
67467
78782
88209
72497
72624
72340
71772
66749
71786
83006
76640
72397
87670
74233
79195
71963
82017
82940
72019
72212
81682
83091
71860
77605
82279
81908
75085
66914
77806
77775
72283
77109
71666
77746
86612
67205
76782
72364
71940
78795
81351
88256
89196
77360
66918
77782
72186
76944
72066
82452
71800
71947
72103
71942
77096
72069
87393
87484
85545
86462
78001
76973
81459
72538
86567
105148
76908
88001
77488
72158
87832
73811
81872
88200
77013
87796
86782
77804
86389
77320
88484
66835
77058
105157
73358
67639
77233
72713
76749
77038
81285
85279
66886
73216
85509
87410
82139
72213
66687
72120
100742
84109
77249
77179
72035
77679
77369
72114
79880
76580
77339
93178
76858
103391
68539
87216
78177
83648
68918
87722
83289
72952
70224
69072
81785
76916
82899
82082
83845
77386
72211
71801
82955
87608
67741
71851
77281
71813
83540
71829
76869
78560
77986
77899
82777
66824
82595
71870
66832
83778
67271
77379
91900
82871
87145
77357
70735
78004
72097
72044
67477
72428
77526
87284
67370
88211
82035
93219
90490
90629
82481
72988
67194
86575
73050
88518
76362
98939
83240
77512
71879
77527
67077
67252
77438
77403
66927
66817
77065
78318
71824
81787
77633
86283
83407
82291
93652
83387
93609
85852
76837
75972
73763
82340
66959
80172
67248
71981
71888
92056
82416
72171
85043
84419
82595
79023
73237
92745
79266
67592
83388
71861
71891
92794
76864
77435
87113
71963
82444
71760
73429
76725
98634
83377
67210
81888
88077
66773
81883
77581
67216
72323
72167
88464
88675
72088
82192
87576
72107
66895
77104
66880
81751
66814
66749
77745
89559
78019
88944
68539
72149
68273
82683
81724
67173
92950
80861
73457
90933
81287
95172
91235
83460
71950
90961
82826
72141
68468
72026
72636
66799
81971
71995
82557
92928
83801
67463
72949
77406
82306
76930
71993
86970
77016
82534
83995
67284
77661
72422
89220
71941
72599
72441
72130
87992
77639
83084
82672
87337
77979
81743
71973
87977
88075
66893
88791
79781
74390
95736
91001
95495
67255
88238
74497
71849
67655
77093
70463
76992
76822
71807
77433
72081
78477
67380
79923
82071
77183
67060
71989
67232
71973
76722
71873
66918
77459
67310
76901
77820
72736
71923
87398
72958
88486
81648
82133
84880
82485
67126
72121
77001
77432
66916
71998
67398
82457
87867
89236
71933
66946
72870
72078
66607
72031
66870
78720
93216
83089
76686
76963
76967
77667
78881
82236
68249
77624
72001
71898
72114
71875
87598
83506
73978
77118
82963
77029
82154
71827
77207
72504
72470
81755
78618
87688
67289
66977
73988
74042
83975
75828
100193
83478
94467
118990
101987
68133
78669
89345
99122
79211
83130
96190
98647
85520
77921
73135
107061
84105
81210
74284
91150
113823
96655
76963
87862
78001
87596
72174
87217
67308
72085
81894
79211
71847
66806
71839
93312
67362
78377
87432
78919
77233
87337
77205
88297
82866
71993
66803
66698
72115
73899
77082
72589
101562
87638
83583
77762
82838
88585
77347
78997
67581
72186
80343
66249
71871
82168
77913
87816
67080
76774
72125
66717
76655
86909
72022
87382
83289
81899
67060
88064
71933
71757
77735
77187
76895
77210
78238
78136
82002
87128
80160
73402
76982
76748
66859
72029
87809
77200
67121
81353
82531
81876
83972
76891
66991
71963
76700
77775
77115
66650
77403
83047
66895
76941
77128
96271
84639
84348
87645
97684
78202
73888
72166
68346
82329
88046
95837
90068
66763
80423
67651
71465
87480
86432
67104
77677
83189
67228
82451
83292
71924
77214
66865
83828
77199
95695
72258
94580
66894
98032
88559
71498
77691
66948
66798
71935
71679
67968
77335
83709
82249
77231
77718
78332
87009
72273
72680
67930
87601
69112
87012
72101
82791
77251
66697
67404
76808
86519
81647
72175
78015
88844
72101
90347
80048
72074
77884
77123
83308
82067
71894
77407
83966
67381
77954
71972
67782
76781
82438
82125
93467
88830
66692
77098
67060
67073
76892
72825
77815
77526
77218
76978
89002
86979
76966
77619
99911
85329
73197
78909
72036
87457
82420
75314
77816
83209
76293
67189
71966
87904
88115
87811
81998
71826
93283
72113
101516
82041
72224
88314
82751
76717
72202
71770
71812
72150
82887
78756
73791
77381
98025
71975
97636
82814
79529
67007
67543
71940
67077
102662
77670
88796
77317
80874
93423
81991
94868
82093
77304
78624
72006
86996
78996
67352
75138
77691
68930
77607
72122
89345
71808
78275
72086
72086
71912
81158
74976
68920
87790
78763
72050
87822
77496
67340
71292
69039
72130
82841
72145
82230
83026
76818
67748
94411
99956
95582
68468
69933
86801
73933
83927
72784
84121
79041
68305
77218
88661
83180
73769
81804
77938
82987
71887
72157
83652
72033
87361
72195
72537
72582
77325
71870
77382
87056
72704
81857
67060
81683
78212
80667
67980
67455
78027
81127
77973
67218
93822
68699
88041
72126
66833
72258
77023
77016
77633
72089
77078
77090
79348
67037
71871
76751
67998
72793
92610
76836
66804
87089
67282
92577
83743
100680
77207
72183
82809
72138
78496
77992
71979
68180
72108
83291
76833
84113
81364
84868
97476
77120
73156
86328
71382
77455
94961
77787
83433
81203
66825
67258
72839
92231
82849
77672
72085
77664
77096
87697
76758
76774
81962
82969
83112
76741
82249
81877
81933
77326
78059
87988
82131
77363
71691
66797
67001
81911
82991
77103
76981
81597
77587
67571
70700
75499
72132
78240
77345
88167
89208
77327
82712
83527
81803
69687
89466
83427
67374
82729
94245
76732
82953
93622
81960
67364
81402
76824
77155
100153
77033
67116
87852
77008
87708
67169
72045
77694
88490
68943
72299
66893
76927
76858
89399
71801
77354
72846
87416
73387
82723
68077
73779
74274
84648
71175
83600
72491
78423
88178
78113
86627
83471
68620
66886
66830
76914
77063
85646
72103
67131
77747
66973
76905
66863
66932
77403
82704
72605
71748
83481
71604
66994
68333
79711
83469
89093
87892
81745
77108
77582
66926
82114
83052
72299
73837
84721
88727
67613
81887
67009
77691
82373
77749
88793
72166
72182
76737
71738
77206
91041
78177
76322
72579
72060
77011
67199
82775
82372
73168
71985
77549
66889
81030
78075
66823
72032
69232
71923
77393
67056
77314
67073
87091
81192
82926
86192
77441
95336
89421
87517
77252
66719
72185
77079
92666
82791
71687
87499
67057
73636
72038
93423
78690
93420
85102
71994
77518
72050
87013
82534
77016
81621
82878
88102
66896
78918
82281
92824
66943
86564
83479
72769
67063
72156
87509
82133
83082
72104
87950
82628
82867
66843
72035
90487
83488
66643
77794
67100
71767
71774
72094
77476
81977
76320
79704
82872
77611
77468
71860
77142
78534
88571
78836
82305
83146
67650
66739
77879
87159
77453
71830
77735
81753
78558
67009
74566
77200
77801
91886
82978
77665
72019
72025
83204
78264
92728
67599
71860
78165
67301
77645
71783
92937
78340
97509
77917
72312
72952
79637
72639
76470
89977
77351
67161
72413
87087
77009
84591
86617
89477
72809
82847
77007
82757
82865
77101
71559
72475
82684
94092
83187
82606
66817
67053
66753
67087
72019
77870
81343
93688
66979
72008
82700
66718
66889
72247
77431
71796
67238
82271
82615
82248
71969
86419
68105
77815
87789
68273
72632
77452
81746
77555
88056
72208
76463
77091
81996
76561
93587
77936
72282
79349
82904
82609
76431
77479
67022
72538
87155
83659
67185
72231
81607
66972
92552
78011
88951
88871
69324
75880
68146
66880
83480
72429
71920
67158
67477
66698
72727
66814
77344
87063
67128
67085
71957
76927
76872
71971
72326
72694
72418
82134
88936
76973
77535
95401
71949
81732
81911
72075
77300
82872
88749
71901
71939
72559
82783
78844
66927
66764
94948
82079
93198
77107
82616
83099
72152
82350
72384
82100
80921
67421
66938
77354
77660
76099
67068
66979
72207
77615
66919
77271
72284
76887
77148
72192
79346
77291
82964
71946
97884
71936
71606
88072
76779
86990
82059
72098
66896
78283
76479
82197
77034
77164
88001
67150
72838
78401
82564
68679
89623
72207
82670
72915
67495
67695
93737
72546
87620
76981
76893
82999
72404
67518
72823
71842
76839
70873
77602
71981
87349
71908
83052
82748
77611
87959
67947
73471
66827
73976
72069
76663
84295
76915
72499
76915
77295
76846
83012
77376
75337
81909
71869
76909
72048
82155
76770
67257
81840
76780
77500
77383
72830
67023
72088
82456
66718
72107
87577
78468
72062
83003
74725
77365
79398
72044
81531
71976
76222
73367
89571
72991
85465
74012
68512
71584
77705
77594
82403
87599
77699
71752
77490
72054
83132
78327
67233
78161
72102
77975
83299
76884
84072
72736
67407
71966
77186
77631
100141
89774
91692
72271
71900
88094
71952
81318
80318
83314
71983
76917
81890
76967
71828
94135
98958
71715
72845
67625
71121
66852
77172
87798
88979
71959
93008
83304
71901
72534
72005
73388
71027
67203
72239
82148
83245
77861
73102
89021
72707
84904
89618
78258
95799
73785
67541
88178
75675
77850
72485
83253
77682
77230
71838
87496
72138
77136
77000
76997
82460
67346
72144
77186
71763
87976
77365
67245
77382
80262
77631
67120
72695
90387
77301
72230
77597
72205
71904
71662
72073
75432
71927
72273
103754
89038
102749
90005
90505
70877
79256
75205
67713
72926
82576
77160
76818
77179
67014
79334
78097
67651
94418
83971
84097
78123
89262
72427
72860
76823
71966
72306
81216
88133
77835
92896
92306
78820
66777
82605
82831
72035
71873
82504
74062
82014
76569
77974
72245
82640
67049
71818
71873
76892
82679
80105
82703
82871
83300
83164
74101
84080
84219
73289
80327
78200
98326
88358
72205
97820
66824
81964
77298
76951
78686
72352
76697
73387
72476
67026
82566
83467
82514
77900
75067
71985
81400
82526
88067
72010
77804
82391
82847
66944
82245
104870
73204
77654
78575
72434
72076
66848
97582
72515
81872
77264
77985
86948
81933
93065
87469
68228
78323
83841
77201
76847
76800
78284
67118
97955
71756
88052
72076
74923
73250
71674
73358
66900
82641
82865
72458
80687
83257
72782
69862
86090
67236
72895
78078
95012
77083
94653
82572
71963
72148
93425
72082
67257
82149
92702
71923
72776
87903
66938
72039
67051
74706
89232
77180
76773
76814
68895
84648
81531
76850
72123
93090
74594
76279
77759
82213
67187
77263
88206
76832
81786
69156
82951
88045
72309
85901
84148
99382
82794
74199
89942
79049
66993
90063
77625
72007
72455
72110
82144
77170
71921
72010
81720
77396
84181
81087
77380
80530
72330
72076
72687
87027
78311
76721
66885
72744
90012
71833
71844
66724
84576
72025
77027
76803
77220
72966
82271
83279
82704
82489
87377
66620
71825
82687
87904
66720
95740
72366
67050
71813
87731
72462
72006
66832
77134
96860
72642
68011
84020
91032
82325
71990
88158
96748
77119
87979
82064
72050
86854
72826
67063
72723
71885
87634
66786
83350
82187
82732
67628
82698
66948
83423
82004
66867
67114
67053
86131
77475
78780
82812
87063
82731
81799
87458
82336
72152
81453
77055
92597
77800
88391
74744
72556
73107
77032
99025
78445
83828
86588
71326
76672
77563
72636
80832
83205
71999
86635
71102
72025
72075
72060
81812
76814
83558
66994
82400
76905
66946
72357
93410
72807
72947
92427
66790
93521
95357
78944
71837
77057
88268
82637
88792
66866
72462
67163
77737
77295
72083
82770
87796
71923
71796
76895
77797
71855
72328
77433
72334
67190
66678
76977
66953
75446
66768
71876
73130
83316
83288
77636
88673
67570
92067
87998
67520
83368
90439
72782
69049
68453
78787
73437
68217
81828
72389
77093
76151
83493
72076
82797
72215
77077
82689
67058
77902
82377
82786
87664
72231
76868
71845
71953
87961
72138
80427
76983
72235
71805
66869
76341
72039
82040
78539
93733
72093
82776
71999
67097
77087
77506
67097
76759
82371
71963
89189
83021
76449
71867
71778
78174
72249
72059
82157
82186
77032
82562
94378
83870
73282
68040
78233
81398
72307
81948
82476
76928
71928
71136
90555
83757
88049
69022
87303
82390
90432
81897
78272
72031
71877
68135
83977
68801
77399
72378
66871
72052
76696
72058
72276
77282
71982
71808
77273
71828
76632
66872
82142
72169
82667
67020
73769
82305
72196
76960
78473
71837
88034
72299
93201
66963
72209
67088
66902
72225
77496
91813
87328
78381
87533
70842
73406
68023
77102
75148
72032
87850
66757
83949
71845
73300
77566
67392
66834
76992
77126
82188
73083
77025
77964
82627
75271
79985
83960
73592
77763
81409
82903
66978
71898
91628
72968
78143
82943
73764
77684
77164
80830
66769
67380
82003
66835
73543
71937
91810
71641
84753
67432
76004
77697
77672
68117
82547
82656
82749
83602
66997
84015
72036
66857
80529
89557
76951
77110
68176
80772
76996
67133
83982
92672
91322
79369
82074
83293
68222
77907
93182
77111
67053
77543
67130
67488
82479
67552
67521
71979
76814
87770
67177
71809
82940
68218
66802
66793
76642
82844
98092
85513
82174
82000
77270
67103
71945
72154
76846
77337
82110
82092
82092
81995
66877
81036
67003
71791
67050
67206
97579
82100
81835
74269
66851
76957
72282
66756
72081
66867
77258
87937
66956
77139
71902
76772
71901
77765
73520
72097
83452
97569
99441
87948
67076
76836
81842
76979
76669
71898
77203
77714
78936
89009
78940
73522
76767
87149
66894
87432
77180
84951
87428
88983
71987
71980
82513
83934
71886
77097
82493
82415
66852
66905
77046
79655
86897
77324
77382
66666
92494
71835
67164
82851
82914
82774
82424
88645
72946
72633
89014
93627
89099
76756
84196
77148
78156
83558
78245
72267
72093
67782
67274
72696
83857
68182
72828
71985
69046
76398
93171
67178
72228
66794
66643
66711
66826
81928
72105
88488
76782
67097
82983
71962
82982
72133
86750
87272
87864
67741
78997
78088
66830
72060
81423
77278
89798
78297
72254
72213
78006
71986
71057
71849
71875
83239
77510
71605
82131
83089
83828
73186
71945
66947
82969
86591
87727
78695
95090
76103
67436
82787
77139
77045
67022
72033
76813
72277
71882
84646
92702
71935
82466
78359
67330
71920
82322
87831
74720
77106
66790
72869
77784
77903
77640
82777
66871
90996
76765
72399
72444
72159
79722
73417
71976
77393
72243
77816
72129
82410
66703
82005
89390
72061
77434
67170
67034
91988
77097
66890
72114
78835
77060
83136
87861
73199
71882
72025
72713
76729
71856
78962
87045
72970
67311
87320
82090
99287
83108
83614
76937
71870
67820
87193
67456
77093
82010
72400
71975
77199
80502
82895
77105
71654
76972
82527
72511
87403
89795
72104
76893
83872
66709
71816
85122
66763
71662
72497
88056
82849
72249
94406
82155
66707
77508
77479
67473
93089
67072
95669
85695
76164
87684
84082
71616
72016
82464
77214
82090
72345
71924
77707
77097
88583
102861
76924
79074
77214
82819
72206
76923
66802
76799
71874
73303
67055
86722
72435
73502
76968
77806
67230
90460
76967
98787
77331
87496
82697
82849
66955
82159
82420
83896
84206
71812
78400
82285
88460
87273
71865
78537
99333
88488
78265
86563
67358
88228
66753
72118
72190
71804
67137
77065
77732
88897
87565
67872
71314
77542
79942
72194
76765
87721
77124
82317
77807
72350
72086
68010
72219
83855
77318
72276
87845
72243
78808
88263
78905
76768
82143
92204
82542
81812
66856
71785
71943
82829
77048
92645
77186
84234
85851
82528
66941
71843
82951
71843
92967
82763
77650
92792
76656
78374
88124
67579
77498
82232
72005
77077
72915
72297
78065
71772
72130
66779
67722
87829
93403
76788
87826
66938
82689
83591
94264
75149
77811
69102
106559
82363
71623
78002
87994
100726
79744
87225
77020
72878
83070
66723
77949
87863
72065
91916
79561
89065
67606
79912
73575
72606
68226
74229
67976
82551
81457
82558
72272
72198
80595
82926
76816
77442
82231
76977
77613
77319
71964
71829
76706
67828
78467
78055
87642
77662
76180
73353
82537
72093
73087
77107
82046
87540
71842
71935
93213
77589
72093
81683
71860
71902
87354
75118
77034
71821
81397
78166
76916
67344
88633
78386
82262
72616
92663
77603
81883
82175
82302
76764
67639
77089
84373
71870
71960
71737
78040
66770
81482
77674
82389
82500
72562
82495
81727
77682
94781
66950
77384
82603
72155
67018
77759
82261
78765
72132
72313
88054
77121
87961
78486
77907
78741
92883
72382
66759
83406
72075
81889
70013
76543
78059
66981
77312
77060
84433
87863
71960
66878
92990
71792
67273
77015
76824
81926
74605
72048
82680
77030
71777
77392
76847
66728
72007
81753
68105
74215
72070
66911
79492
76737
79404
67889
82595
77862
66782
81962
76988
82575
87219
82937
66781
72269
72301
81978
71742
76594
71801
89130
72158
76883
88364
77482
69103
72001
77685
72054
72372
72046
76857
72965
98084
66957
72688
88575
77580
77203
76854
67198
66670
66820
78318
81996
86408
77748
93294
83345
81820
71780
78211
72753
69637
71823
72013
71928
77944
82762
72185
72001
72382
76982
86596
76968
71812
71993
82709
77187
71954
67057
72728
71652
76591
105584
81228
76438
87704
76061
87638
76855
93328
71848
72007
72271
86886
77143
71858
77528
73931
79166
82265
76913
76936
66679
82368
77290
83437
73936
71818
76850
77557
73905
79555
93067
82609
77153
72289
72627
89100
76440
78214
67013
81750
93045
72222
72417
81946
98452
66987
72192
82536
77250
86072
77736
74194
98373
94222
74755
67010
66929
77808
78506
77799
72185
82419
82888
82007
67696
94054
67014
77497
71882
92301
86576
82691
72021
73491
72844
72346
88177
66870
77647
77506
66859
77799
76959
66814
76822
87718
78423
66870
68101
88084
88616
66848
87972
87996
67546
82026
71810
88136
67397
77330
66875
86897
76944
82102
87135
71871
82470
86838
66655
85423
72584
77081
76800
81928
67323
67103
67560
77006
76426
66907
81956
77276
72139
72088
83563
82105
93527
82330
88020
67091
66766
72000
71778
69618
71984
76846
82238
84258
72914
66887
82962
67409
77191
72025
92981
87954
71902
71890
77357
83109
77316
76910
82837
67044
72039
88076
77091
76770
66618
72421
89137
68797
72314
96602
84539
79449
77945
83103
81201
79124
92660
73176
82337
78489
94043
77920
82459
75643
77582
83693
92940
66795
84539
66829
93027
87624
88237
66874
76864
71881
66956
82401
77092
76956
77263
76621
77667
77672
71926
81812
72166
71888
77091
83744
85111
93456
72458
72304
78736
81288
82486
71892
77087
91380
72066
87608
87149
78601
72527
72587
84371
68174
78742
83704
92084
98073
93058
83183
72060
77650
94658
72914
77329
72119
76838
71814
76922
82653
77008
83941
71748
104191
68909
87305
82872
83962
77056
72152
77463
92225
93661
66694
76729
87886
78650
66846
78249
67151
87199
78400
77643
82570
99648
67479
104620
72624
77676
80076
73774
80437
69334
77727
74535
72822
90549
71744
76981
83047
72306
73131
81718
78346
72052
68195
82068
67299
71830
87753
92138
83630
88146
66965
72431
76845
72557
71989
77260
76881
72219
78067
72903
77252
71898
81576
83227
78012
72029
77135
82442
84030
87719
84992
77215
82131
72071
76982
71789
86474
72081
86970
87918
67579
77014
77264
72214
82026
82189
77408
82055
78107
71702
83795
76728
71993
74693
66995
77520
98111
77746
72704
77347
77012
76919
72192
72059
72264
67514
77780
88225
74577
77680
77050
66744
72091
82043
72032
75675
77789
82903
77083
72178
68230
86879
76944
87824
84057
76978
77732
77664
84602
87909
78196
71714
88280
81981
77596
77679
71771
72326
92797
67856
66840
82852
73634
77508
76822
77751
82806
87575
77821
72017
72319
77132
71896
77316
76852
77456
72100
77249
82394
91040
66772
77053
83065
76737
82606
77364
77008
67111
73715
82195
79436
76657
69454
74396
77263
97759
71784
72030
71978
82595
87993
72295
66778
72121
73179
77026
82956
81532
82020
71889
84769
72198
74480
77108
82582
87849
76845
83574
106835
73170
78436
82472
71003
77616
88179
82231
82602
87448
77130
76926
71864
72092
77414
77122
80718
84513
67854
71863
66994
66987
87664
77550
94475
72058
66743
71853
66672
77835
83094
76860
77351
71884
67040
71863
76929
68255
77246
82299
72094
77690
82521
78593
82748
72548
71724
87340
88161
77451
72402
77917
66950
76714
67080
66917
84062
68079
72304
77081
82531
73202
77223
72060
77354
68943
87677
81702
72846
83573
72018
71988
77922
92546
82580
87788
72732
86617
71893
83196
67533
77013
67173
75950
71985
83052
76676
81650
68083
76632
77107
71882
88292
77505
72209
87943
76877
78855
76165
67053
68314
72004
77228
97745
106683
76063
68448
72575
68595
91692
72230
93991
71834
72266
92883
66980
88056
76821
71898
71914
81804
82037
67057
66913
76572
77335
77192
72093
67293
72440
93528
78715
82873
77200
82507
66654
71855
83017
66885
82280
67192
72337
67072
67224
87999
81236
72179
89078
77090
71566
71975
71917
71978
81728
71709
83177
66877
67326
76483
84166
89966
82093
72592
66951
85779
83756
77380
72104
71801
76768
67334
77097
71811
72328
76475
66832
77338
77774
71884
72693
72076
72877
66969
83472
77042
71767
81890
77808
88356
72002
72031
76874
88851
83257
90456
86766
77201
72262
77541
77322
82185
71932
66806
82905
78089
77170
71740
82870
77840
66952
71783
82564
72186
82688
72157
77246
88459
82278
72518
78542
94285
71740
66606
92669
77498
89062
76233
83215
84811
76621
67291
72066
66905
74467
77265
72297
66675
76859
77925
73247
72121
78024
66958
77717
66824
67652
89223
83666
83365
76913
71921
71788
77503
82006
83276
71826
72154
72133
82040
77515
77271
66851
84598
76936
66904
71892
78143
66935
67025
77014
71755
76907
77727
82802
72431
72030
69881
66875
72130
66883
81973
77343
78014
72101
87603
72058
76277
76871
77793
75768
67239
86764
77660
76827
72048
82075
83881
72163
71930
77197
82788
76772
77604
82300
71313
71714
76201
71899
82584
77857
82223
77444
71990
71969
76829
72236
82754
82906
87948
77129
88231
71887
66734
81729
80228
82796
77550
78053
92780
84031
77313
67276
81787
77556
68316
86137
82647
77660
71969
66725
87971
71933
66593
71804
87308
76988
82416
81974
72327
83526
82603
77194
72059
81720
78125
76749
66435
72107
68124
82015
77293
82184
88571
71964
87929
82278
75348
83675
67102
87220
73090
77059
71077
83731
72052
66876
72115
67572
77415
71875
66801
81629
83548
68417
67541
82804
73749
82049
82668
73120
76735
71703
82387
82137
66855
77661
82142
73011
66899
76955
72640
72445
71867
76808
93141
82809
82876
72339
70056
67196
81936
77796
69681
80096
71951
77423
76981
67215
66953
77319
89814
83935
78633
72419
82640
82469
77040
67188
94407
86331
82883
77294
66849
77762
67074
81931
72132
87775
82092
79478
71989
71933
66844
84591
78179
72805
93649
87398
92710
67833
77797
79635
83671
72024
71980
93040
88097
67081
71983
66853
83115
71880
96788
77919
71989
88530
66759
78611
72090
77808
82147
72051
73281
93104
87634
82892
77131
67126
71821
77548
76945
77319
83044
76682
77113
81491
72250
76181
77689
81374
77228
77599
81318
77036
87804
93688
76924
83055
77228
98898
72331
85402
77180
79599
87708
83314
77191
77294
82284
76862
73058
72082
77107
77147
87778
70746
72196
73735
88313
77021
82957
68159
71773
92827
82154
83088
71778
77149
82338
83101
72178
72013
93800
88020
71811
77588
66736
77293
66615
77122
77096
72126
72650
87971
71815
78742
66845
66843
71723
77860
67106
76920
87838
72174
72262
82336
108673
84212
81787
83942
83131
75349
83502
82018
71852
76047
71964
85594
71739
77591
82803
71904
66889
82849
72216
77930
84961
81711
78473
71855
82388
73703
72766
78182
71848
72558
76936
72334
71825
72266
71927
81930
76897
72926
77683
82737
77237
84606
92587
72539
84303
71864
72062
85298
72375
70104
72133
71878
66744
81852
71974
86318
72000
94482
83890
96182
72438
78394
70302
72528
73273
78202
81709
75610
78482
69605
83073
76564
93489
74332
77041
82590
94702
97097
85508
115374
106945
88138
89937
74386
79741
77615
91262
90873
118414
78940
99566
123591
96386
90494
90726
97929
89838
95105
92666
102230
96974
83797
87427
133357
87996
88483
83165
82793
93743
82925
82911
83398
88151
87559
82719
87791
82734
97652
87788
83424
83559
77816
83047
94012
98987
83069
88380
78031
82864
83191
96387
88452
83145
113747
98866
93200
78793
89366
81862
83599
88393
83245
83009
87643
77745
87832
77638
80342
88625
88892
77710
88233
88314
88369
89206
98672
88799
77532
83779
87981
96692
88854
83116
77585
87771
83527
95411
88804
88654
88154
88249
93288
84930
83526
82942
82970
77914
106558
82826
98230
93965
86282
95879
83774
79556
83225
88348
88801
77982
100973
89438
87760
78166
92885
93709
88388
94012
82957
78538
82998
87718
101979
87674
89274
89679
98775
95163
98167
82758
87746
82627
93122
77817
93507
83183
94073
88274
83523
87854
87867
83967
88331
78577
83011
98356
87707
83314
85884
82996
89256
92790
95369
79035
78024
82617
77721
93478
83953
82959
82777
83235
88069
83136
87995
97992
88048
93873
99441
99967
89812
105874
88028
87816
78136
78561
93683
83368
82746
82875
83252
87960
82784
98029
88138
83263
82738
78017
89601
83199
82995
78053
99009
99016
83359
84380
93153
82774
80189
102942
96326
81849
82687
99130
89136
77552
93041
94210
103755
98117
77684
93105
93274
91838
113729
100472
86120
84586
99452
93558
78908
91642
92880
88001
105770
82956
88904
87912
83780
102498
81607
77437
82515
85003
83328
87542
91037
93843
88702
82710
93937
95048
116548
88622
92216
79307
87577
88432
77917
87781
89185
88160
83148
93047
88474
89750
77766
83427
92097
104973
84954
88084
77880
94094
101499
84729
93128
84893
79527
84599
92774
83393
78028
78459
84872
82641
82881
92342
85634
89508
88698
97930
77948
88213
87229
79724
82940
97538
83966
88200
115529
77647
103435
94191
88716
83371
82805
93762
77852
84273
88176
83447
88482
82841
88299
93074
89079
78041
87717
89039
84418
87801
83353
85128
98068
93578
94249
94589
112019
80362
89222
88124
88570
101538
87831
94420
83492
88192
83169
83314
94178
83187
93194
77423
82980
82753
88947
83643
99313
92804
83193
93311
88325
82673
94697
88066
96624
83091
99433
88339
99490
78159
82786
82881
83683
84271
93208
93262
89071
90263
88108
88001
77494
82663
83583
108719
98989
88597
82810
77677
98676
88213
88599
82923
83047
83454
87650
77528
101309
89294
83034
77958
83964
84543
88109
99379
94492
79458
79904
82102
86046
89755
94160
78201
87724
77888
85406
77820
92780
78066
97941
93358
92805
109658
96096
93435
89354
87925
82642
87723
78193
88621
83299
93772
88174
88704
83032
88216
89367
82774
89195
88292
78080
85762
88464
93054
82761
92760
98417
84453
88056
87697
82842
80764
82724
77329
95517
82715
97978
88993
79210
89453
90414
81249
88962
84060
78417
77788
88138
82744
87470
88012
88610
88045
86934
88439
87906
83306
84653
104185
78959
98565
84642
98634
89042
91538
79295
123858
93834
95009
78847
84340
79296
89530
94532
97918
84911
89846
87451
87754
88607
94502
91548
84261
86536
84615
82421
89005
93017
89493
88569
77511
87868
88885
77782
88462
88054
82557
88481
83185
82459
93345
94343
88098
98655
86256
94855
88063
83636
78158
82965
94497
93160
77999
77482
82620
89001
77519
92562
92734
88593
77618
96777
81883
103706
88057
82899
82625
84460
83206
78611
83840
112590
88459
78143
78180
78645
82783
93051
88689
77752
82845
87149
82108
79388
92473
83486
92804
94759
82978
83129
82956
87990
94259
87745
93885
91238
87978
89247
77667
93408
83352
78642
83456
86938
103114
96601
95008
80198
77503
82978
87864
82876
81794
87969
82935
93926
88246
83965
82641
77807
87235
92515
83448
99673
88034
92845
83511
104055
94673
83726
83027
99454
92859
99970
83455
82811
88013
89577
82861
79011
77908
82919
88447
82880
88101
93634
107279
83184
78613
88657
85508
89883
83261
94394
103355
83561
83305
95236
82972
78009
82760
93428
87792
88027
89539
82460
87963
99007
87335
82975
79687
82656
77489
77796
101057
80331
96351
87296
90047
88895
82684
94768
88797
87849
86666
85039
87877
85018
93229
93077
93317
83082
83236
99702
78853
93445
78226
82917
95052
88313
83458
93846
82706
93085
94918
90572
84329
85632
92876
83095
87818
78877
83257
78008
82297
99937
87800
88109
88755
88053
82476
93207
82764
94294
93128
89568
88107
88160
77848
77773
82768
95570
88859
89349
98208
88259
77801
88418
77855
77597
82893
87232
87907
79615
88074
82309
77625
81711
83238
88708
83097
88207
88027
82599
94014
78146
93273
94093
92356
89710
100814
116370
114502
79661
94148
79236
78447
87194
78896
82874
93133
77597
82644
95022
94314
82672
77542
85175
99900
82675
97881
87714
88070
90834
82059
88874
77554
99138
93048
78323
83991
92912
98165
82833
84321
88298
94150
89898
78262
98488
77734
94576
77743
98155
88301
89586
105400
84251
79467
88379
77898
91280
93593
92212
93457
87924
92792
103355
86848
82907
93474
88049
88059
78519
83354
82672
78302
93193
83350
78041
92698
87959
91357
94673
83968
83535
110803
88193
82681
82914
86244
95540
89204
88331
83152
87297
93410
88924
83457
93000
92868
87940
84643
77979
88519
114228
90037
88763
87916
99460
83038
101425
93269
87390
88318
93704
84107
85053
87877
87972
103296
98187
89851
88973
88124
78167
88153
87349
94089
93043
95032
83144
90418
93777
89208
83156
98314
93158
93001
93009
94431
84222
82915
98280
103221
98287
78448
77758
83317
88479
78077
77961
82946
88190
84233
82915
99881
127284
83934
86240
84661
83967
86470
78822
85352
93990
83902
107132
89000
89902
95780
88047
87450
93311
83041
93163
93396
87789
94602
88611
98948
82785
93426
77853
83064
104991
88783
82971
88804
86232
83902
93235
88214
94047
87620
82723
87556
83508
88394
77932
93570
87843
82813
104413
83938
93298
82377
83124
87585
88799
84288
95110
78154
94293
85853
83243
84487
90651
87757
87682
86956
88293
83912
84336
77722
82679
92950
82850
89511
91314
78893
93341
88053
100123
82547
88475
88052
93094
93782
85361
77436
82736
87979
79024
83020
82818
77874
83079
87185
82755
94025
87783
78838
77865
91228
83615
92949
89097
98938
93064
90074
82538
88844
82509
88324
85217
82916
98273
91429
88000
82849
87676
92986
88157
77736
93275
82684
83464
98500
93756
83478
82645
89239
89431
82783
82784
93318
83717
78718
92339
107847
78147
77776
93015
104498
83993
107761
88890
93158
79017
83543
93266
77855
93188
77987
77668
103676
92492
83381
83156
89155
87816
80249
77463
97867
103935
84874
83835
88147
86560
98943
98945
78763
89848
83007
83604
96021
77903
89908
87779
82907
88037
98859
98136
84025
98216
93112
87764
82537
93097
87928
89049
82836
87823
77652
82703
92386
88205
83802
78567
83087
98121
95432
82951
88022
97074
77381
93053
104546
93986
77370
82858
82637
89568
83061
109575
84800
83413
88039
89136
88005
95074
93715
94380
88657
79890
88410
83114
95309
88242
77859
102796
95989
92924
77471
88713
83019
92859
82696
87712
83046
99759
92679
87776
82890
98279
87495
93501
78012
92790
104062
92670
109415
82878
100013
87655
99299
93129
77797
99301
83368
82209
85630
88932
83122
82976
93202
82851
88128
82750
92578
81849
92815
93712
87758
93014
93722
88028
82835
88369
87078
99530
94162
104072
78156
83044
86058
104099
83076
82995
78022
89298
84106
84042
87884
78220
93067
82781
82873
88096
83938
87255
92712
87758
77855
88813
87522
93231
83202
98124
79712
87811
87879
87650
85031
94595
93178
93664
82978
92944
83523
90677
93077
89273
88585
77690
88053
83099
79316
82706
77801
88426
83152
78332
82706
88568
87991
82508
84821
89771
78669
88547
89137
78798
83845
82888
77480
94389
96624
87984
83238
93992
84750
92918
78133
88166
98725
78707
77616
79806
88142
92784
90347
78157
93272
86456
83081
82989
88857
87992
82735
87165
88460
78240
79607
99416
77586
88265
88463
88747
87948
99015
86397
93741
87985
88219
82575
98825
77952
100782
82597
97805
89730
83120
102198
92670
89931
84368
84885
93177
77935
89152
88510
94028
82930
89137
96740
88601
83357
89280
92893
98337
87434
103890
87778
88115
93883
77985
86920
77833
82813
87868
82998
79372
82872
77781
82832
101602
82154
83367
92734
92967
83154
83428
95016
79045
83036
93253
83440
82505
94399
87927
88587
83341
92803
83645
82667
88646
84530
88910
87142
97965
79439
97013
77739
77847
98013
77917
87866
83562
82938
92793
82811
87330
87635
82889
87667
87858
92623
87915
83135
91856
94329
82457
82737
83471
87846
81983
87749
88064
88231
82931
98562
82908
88219
82444
77744
88538
83665
87340
87927
87048
83280
96990
77731
77513
106755
78783
88187
93144
87876
94232
107871
102272
87810
88080
99500
83279
77734
77788
83294
77913
83656
86080
88430
82832
77728
103971
98000
87415
82776
77488
77848
82879
85760
81744
90308
82653
82836
83268
87976
77887
99100
88046
92882
83016
84914
88878
88902
93701
86966
100361
92918
87904
92696
82865
81431
84160
94552
82813
87960
87237
77864
87857
84379
94467
121584
82711
93739
87421
83708
88039
93580
92915
82588
87860
83201
87057
89233
95371
82776
82817
92959
93333
87101
97937
78101
99828
81905
77723
81846
82699
82795
81318
88305
88325
93140
94990
77648
98913
93866
88084
88578
77592
78193
82949
88986
94321
90928
82999
83207
95171
88104
82943
84977
77676
77728
88678
88293
98689
78071
83789
78270
88061
87806
83391
95633
82944
82778
77627
82781
83269
97477
88296
88365
82363
83328
93102
78751
82972
88881
87986
93218
94572
82285
93736
84305
83315
88089
92949
94404
94408
93407
93234
79533
89089
83480
92770
99198
83233
88354
91868
109236
95472
84056
100969
84132
83114
92554
83693
86997
87503
93532
88634
88854
92914
82726
88407
82599
87971
77856
82790
82779
88585
82844
106186
84466
85564
83635
93210
84560
96786
83761
84187
88766
84834
88457
93560
83311
89431
94476
88348
93243
98592
88888
98057
81638
87858
87684
87854
92624
87424
83281
97895
88002
88016
84490
94836
102949
87519
78155
92567
85634
89313
77782
82699
88789
92769
83553
96297
103438
82983
83202
82950
83993
87976
78001
82832
77596
87826
87537
82855
82772
82828
103104
89302
93400
87548
77831
88301
94093
103635
83345
92917
88076
83996
83456
102351
82830
91135
85701
92299
107246
94523
90417
78572
90132
94809
98329
78977
84397
95306
83827
89379
83115
103755
90864
78528
90351
77791
88207
93206
89529
77389
98074
79179
82758
77837
82670
94804
77593
82816
84238
82678
106783
82907
82842
83208
87868
88236
98120
88492
83393
94744
83846
77705
88136
103965
87846
87832
103563
83597
83508
83027
88772
82862
82850
83294
93239
77795
77641
77845
88172
92828
83299
92960
88126
83263
88847
78131
82815
82994
82637
86892
83051
82704
82676
82723
78393
83265
87687
94229
97492
103765
82647
83966
77970
77713
87839
83165
87704
93216
98040
82686
89947
78177
88156
96997
88071
98202
88042
93096
98122
95335
108096
89259
88046
93331
88095
88063
85621
82999
97780
88779
77800
88098
93564
107139
83853
83634
90907
88504
104876
87895
82971
88924
88397
87879
83117
87631
94578
84933
106924
82807
82669
87826
87175
87834
84502
83175
95284
83122
82915
87750
87986
78536
82872
88704
88345
77669
77901
77966
82978
83419
83694
93423
78314
93736
80081
82584
87995
83933
100192
93553
111039
82919
92895
82692
82714
88072
88035
77913
77854
82088
103183
89207
87778
77770
107592
82830
83083
105093
84118
94980
78458
89652
98238
94240
77469
93814
77935
82915
91186
79116
88182
100404
85638
105709
83913
108343
83965
88622
78661
101262
92812
77777
93372
82916
78009
78164
91427
98773
78616
79054
84043
98043
84296
77410
88324
93113
88387
93203
101195
78164
100217
77574
88307
93803
103514
88500
78902
87151
89072
84828
95824
93732
94367
89316
79611
87955
83561
89268
97930
77701
94283
88073
82935
99718
92901
77891
77909
102594
94542
82969
88224
77494
88316
77999
82855
108860
82721
82967
88140
103279
93466
78415
87753
90826
77652
82928
87765
92837
82712
83757
82516
78261
88364
78016
92944
82699
88911
77989
103857
93056
88732
94268
78114
78223
107513
84893
97907
98133
94373
78393
82721
90050
83897
87680
99055
82980
83152
87653
89791
78705
83145
83025
78016
82952
88072
82567
87847
95972
88084
87975
87853
94019
88244
77876
88085
90948
93084
82782
98316
82986
77908
82926
82679
83497
82901
93479
87249
94751
83139
82997
98072
83845
92993
83508
101061
83831
98238
92774
110265
79122
93499
83611
98815
93607
88120
88146
81880
83068
94061
83432
93256
82796
92918
89014
87959
88438
83124
89150
78057
94307
79703
87503
82593
87826
83203
82959
78773
93372
92011
82854
87775
93891
84682
83239
84236
84180
93331
83251
90172
82940
78122
77827
83195
77756
82051
83022
92824
88000
101913
95079
97771
78005
80138
78582
83621
84079
91959
101509
102569
78364
88396
77891
78679
88145
82860
93274
88727
87898
78353
78057
95397
83448
77610
78454
88213
89290
109281
83894
84332
77888
87386
90200
77655
102328
95088
93829
81839
90267
87916
87175
83181
84253
93918
93174
103127
100465
91538
97355
93497
87598
77838
82865
95350
83016
93392
93115
94182
92878
105291
90358
97385
82749
88431
83127
95087
82804
90095
77807
87800
88403
87486
93363
78588
89697
94629
80126
85385
83014
82924
95741
83530
88013
83029
83058
83590
82874
82551
82747
82861
93028
99562
93171
89110
102310
85243
88344
84072
82946
84072
82552
82447
92918
98623
94993
83545
93835
77547
98839
104183
89184
93267
87074
82564
77795
85779
83165
97629
88877
104627
77841
78790
88031
83137
88080
82899
78739
89198
82957
83408
88412
87863
87723
88105
82560
87983
77707
98802
87742
108237
93059
77914
103226
80108
83647
79093
82713
83422
88463
88081
78042
94086
89014
92556
87142
82892
93067
78807
83072
87372
88009
82693
82878
103909
82967
93115
77953
87917
93224
99512
79027
104283
89179
87379
100079
88962
86206
93605
97438
82399
98793
83083
77598
99912
78765
84794
86185
89473
87534
104831
88382
87746
89580
79775
83419
91945
89025
99592
103623
82663
83749
94106
82844
84160
84537
78218
78197
77800
90344
90175
83569
77991
82730
77759
77637
87975
91234
83848
97129
97358
80408
89566
88760
102144
90097
104149
79189
88360
80566
103743
88637
98319
83274
92939
87468
104549
98610
103772
87763
88493
82576
88179
87889
87942
87829
94365
82724
88636
105217
87786
82816
85430
82891
82775
89008
90554
83254
94353
83021
77492
82586
81652
82639
82946
87803
88189
97889
99257
93928
99710
92603
87749
82460
82562
88451
94299
92159
89457
82870
82896
89621
88489
88256
93691
84340
105628
83054
87576
93029
89120
82676
89720
81880
88095
98163
78418
95001
77752
82914
93534
91429
82786
83009
90410
86952
89414
98507
83674
95192
85723
90341
85251
95588
97222
84272
84174
79724
79466
84326
78584
83552
88065
94163
79836
93209
82746
83577
88010
92855
89112
82842
87928
88199
91486
113462
93602
78892
95545
94162
95741
83508
78154
77722
108410
84183
87936
88538
89646
93640
78316
99683
77834
90561
97964
82761
105088
101539
84673
82814
88061
82775
89278
79058
103653
88934
98734
94753
83899
89237
83289
88053
88444
78583
108610
89552
77701
88116
82096
109922
94907
87935
99727
88265
92999
79121
88209
94463
77742
83078
105247
92459
100644
90400
87664
82866
98228
79140
82854
87639
95948
83192
78039
92926
83452
84447
99186
77559
87816
82688
82938
93138
78979
83074
78127
88624
98616
82971
104682
78645
88526
94209
100096
101497
87219
85168
82993
78248
78290
82875
78417
88334
78152
87812
87957
93448
83097
98455
87215
92916
84000
88394
89858
97092
93318
80165
93224
87014
77772
102891
93604
77848
82740
85573
90492
83856
78545
78881
92931
87844
88111
82750
87682
97046
88028
80408
84047
87738
79059
92923
88425
82028
88303
89105
88622
97163
99153
82853
93130
100529
77982
82933
83498
86898
88240
83648
78015
88153
94391
88584
93321
82955
77780
87405
88068
85080
93044
93035
94409
98872
93358
82702
93106
77555
82769
87977
94654
83033
82848
87928
93803
82753
77713
98868
83403
77412
87904
83109
87693
89418
88599
77892
89384
87793
82960
88264
88267
98538
87798
82873
92053
78535
92914
79395
88166
77805
98800
92871
84238
99264
83103
92199
85858
89797
98481
88768
94087
87957
81901
89322
82854
82736
77741
89187
119725
104076
86827
88680
92184
89188
84482
88376
103130
91484
98953
89358
89474
82777
82758
99187
93461
88968
98565
88310
77941
93741
93669
89973
83008
87055
87992
88385
85467
87772
109075
92966
88833
78778
87394
87415
87937
87547
99779
105064
82788
82968
92718
87228
93147
88281
92947
87995
83283
82888
77709
78323
81832
87701
98886
83356
87294
86784
78705
83240
83020
97948
79377
82815
87942
77582
98296
77559
82682
82636
77714
77825
88159
77816
83006
87792
88353
82971
104596
87770
87251
104153
77987
85744
78596
88661
81986
77830
98897
88141
83198
87624
89345
99927
93555
77539
89879
87833
78688
87029
88890
80195
78021
87964
77832
82992
83252
88329
105395
88368
87924
99633
93019
77535
83099
88582
83102
80043
82678
99919
90629
87822
85843
88114
87939
93166
89170
89392
82832
87049
87890
80260
89896
87852
94376
87804
82967
82821
97356
90977
98326
82756
88040
83603
95876
94073
84617
93270
93323
100955
93245
87119
82474
84055
88026
79753
87788
87772
82568
83137
82757
83190
77719
83230
78065
82429
84596
95162
93299
83961
88364
83172
84444
83241
82865
78418
83724
83478
84166
83084
83385
77693
82890
93328
82666
77713
101339
95265
104272
88512
85059
78632
79446
88220
81764
99868
87937
77993
91879
88100
94282
78683
83645
82777
83515
93387
89126
94626
93342
88191
88999
92801
78002
77572
82101
83039
82711
82901
87861
92105
94194
82936
99258
112686
88089
88139
93179
96523
93892
89539
93578
83149
89583
83260
92928
77540
82623
88394
89241
77923
82884
85008
88158
83915
92855
79996
83346
98992
82780
88296
82834
107846
79297
92375
92893
105654
93930
83101
83962
88524
79064
83545
88282
98739
88466
78044
100042
94682
95771
82396
88680
78872
87577
77506
87703
93025
82002
77879
83490
82600
84597
79162
78210
83056
83033
93358
78677
103489
87979
77652
83191
89691
83019
88456
93804
87674
93127
87910
92947
83527
88407
93648
87941
78074
93030
84540
83484
88353
84477
88358
77897
82533
78747
87896
92918
91463
84293
97054
82852
79559
88639
78247
83301
83520
78017
83038
82946
77976
88140
92699
88052
87944
82618
77727
82735
86862
82777
82784
83704
87789
93686
90908
82754
92990
85927
77758
77994
88281
95061
98774
82672
89228
95083
92858
82756
93413
92866
82523
83326
88987
77665
77570
92934
91815
82230
77611
83799
83999
87874
88321
84612
93835
92664
82852
78443
84101
87823
88176
83008
88240
82701
77612
87501
77885
77814
82778
77665
83401
93383
88219
89636
88096
77633
82728
93439
92437
92728
103814
83323
83082
77692
93292
82924
93725
92780
87438
95701
83595
98796
83371
78142
92957
88146
83405
83102
77789
99220
92589
101740
96656
78822
77576
88780
88083
78458
87794
88036
89870
78234
87949
82755
92247
87814
98103
82979
83723
84318
82176
77672
82729
82559
84509
87869
82616
88478
78733
94586
93987
77898
102870
78130
78621
104343
93578
88095
78259
79679
77679
83224
77950
82925
92853
77775
93973
93032
94436
85573
87981
92101
96208
89245
77762
77789
82608
82645
82705
93243
92539
78675
87670
90508
93875
77827
89069
78355
77524
87731
98091
77596
93063
99827
95855
82842
94611
83276
83154
83027
93532
92989
82992
88190
78460
82726
82762
87953
94800
88469
93398
83718
95070
77685
88088
93349
82719
82734
84773
93103
87375
77791
83626
84710
103985
87074
77942
93079
82843
108751
88588
93540
83913
77694
78270
90851
83955
83237
79076
85681
88847
89297
95929
86064
84552
83610
94804
86599
83698
87656
83658
92405
82929
96207
103747
82963
98888
83155
94198
83515
94534
93552
87902
93367
92670
93154
88002
88879
88854
84210
94390
79361
88465
81881
83848
98162
96217
82869
77658
88210
98353
83594
88235
83070
82952
92938
88050
83212
92796
88266
83350
82668
77834
87935
79288
82872
77889
95473
93169
86959
82779
87784
92005
93068
77604
92961
84068
