77843
156881
78904
99810
100404
171905
127042
124588
2136123
860197
77737
2436696
1391426
110291
77714
279091
99515
1690711
807705
100584
77508
102888
164902
2150217
173410
77953
815932
88826
298315
100015
77574
1541944
100325
100099
208566
415775
783122
157881
5189754
739870
124303
337172
77819
77676
77757
160131
833985
895293
102415
78227223
165181
156705
99681
2294239
157909
77810
110679
2922192
311338
457044
1762169
942548
1397873
1499176
101731
78424
639166
366696
1198709
281671
375853
302024
77471
776162
77589
146267
300282
77569
9674057
8930929
99473
240519
806511
95279
77556
77472
820511
838011
182059
77474
440370
77625
1004499
651003
460072
367586
206843
207244
456680
301732
416509
77499
461401
297815
814386
77647
3002637
774143
10073433
77619
157523
383762
735509
124707
77592
160501
439262
138610
100068
190594
82805
348143
168038
170952
100162
572116
316329
454188
77925
144242
88648
1143362
78106
77544
176862
7521693
77590
77644
8025154
77775
494532
1096086
1187620
78660
2407248
1680460
121394
297421
546017
415272
187576
110899
1398809
220311
197411
1164690
149152
365090
102294
78036
91475
77672
382902
155209
88682
77729
77582
78526
168224
390605
309134
156441
113083
839875
81406
379193
490762
331444
77665
1909898
338478
111006
154060
808597
318128
534618
807237
131344
1302531
1981951
178625
234301
702897
349952
300995
466202
820331
727135
78315
111236
1006424
167685
77509
100312
478434
617734
104964
192951
379443
446138
77856
322606
382232
195945
205365
929338
353467
77625
77905
134491
694567
519357
77567
492538
77766
301037
77517
99616
2001634
669933
411767
297614
452001
195790
167241
353837
78823
77697
148998
99587
88347
77565
121756
1032409
79175
1503142
362917
77602
126312
88172
79469
80347
416744
77754
2186095
128252
1312063
129019
126832
100438
121815
513306
515629
728601
157377
77632
100274
172649
154059
77501
386450
384558
435641
165813
395659
77799
315202
400963
751554
101500
77572
111356
204405
77592
834791
1463169
275724
77745
77622
559879
331384
219074
586651
103910
781158
99989
181664
2020818
110320
2267779
1240795
928446
81149
144241
103580
77731
77548
1322819
132622
192712
99662
5067223
185168
1938384
77721
77544
77722
641984
375847
322077
369497
79960
165242
114995
2190973
2542191
609759
101988
99598
1028442
79687
81104
102443
95433
77679
367991
77692
372021
239679
418377
79000
1448382
166030
323669
412222
170852
77857
77509
589216
181164
577388
439553
242205
99585
100377
358188
6801121
100198
3019079
77827
77589
1532735
2494458
419826
88629
391885
338820
804867
2464552
155685
77785
77506
300493
110073
1086320
861674
294582
77728
2624138
1782504
169291
77829
99739
77650
298069
177776
151997
149287
386297
1113538
77312
898563
395092
376858
101507
153916
315138
207498
165232
382772
79706
114210
2428688
77599
758375
1194660
77642
77424
368751
164582
397247
1074445
176042
121778
3606134
1443937
110490
1312373
312746
403537
77961
99885
77551
347930
1798775
124393
77474
979052
1002965
169568
111162
145610
421162
162202
77929
113177
431466
439555
1047010
78488
77788
2038411
3323440
151421
397641
77468
1820972
646277
77721
510948
390622
159327
77487
124036
103700
773972
110467
387398
631884
89377
128099
697936
1108983
1101718
363268
158585
88777
77606
182305
358014
447178
846563
77682
77451
189777
872816
736653
466362
109904
675581
110726
94419
99980
121913
807782
570554
418574
77663
78065
187702
467120
77516
191415
1246038
77673
390524
77629
682603
135062
77614
471070
1961311
379984
110726
1141336
799840
247106
316877
387680
102924
99591
788104
102149
420150
77900
88484
172908
142830
77717
1368792
368218
150531
1045876
77575
164581
383126
9376978
77905
77788
77416
149890
77549
1668732
401620
79264
815857
555542
81858
171804
115574
201741
103039
431260
593466
79718
909379
88872
394509
320306
776577
77785
530261
671128
377491
1481388
80878
308676
174691
370337
160082
327327
408066
79304
366198
297759
675583
100436
175932
413872
99896
110447
6612695
109918
8184630
77547
99940
77581
77509
1450174
2638853
93951
452014
77703
77523
361876
397702
351979
216758
3519679
363284
77474
770048
102425
728885
170029
164758
108460
187604
315099
357352
1638423
100510
99515
2559212
77851
77822
7932620
77644
405708
80093
377835
2056305
2766056
872009
165325
1060844
102071
1078208
3917165
77777
77601
382679
155251
121217
295332
132580
2184952
126063
165034
100072
299222
805232
1784622
169813
77770
1096979
89373
836992
99356
300585
472056
298711
215867
355268
1193563
358948
662592
187654
157948
77733
363827
514771
1436392
2104248
99715
299560
1910526
102145
144142
1140807
2250820
362775
191359
1737741
77817
584995
299384
77506
77790
882315
572027
625462
781900
155079
2772099
92225
88842
416412
175018
103501
79752
147906
490314
3346338
143046
99862
1050228
724100
844834
1897311
113240
642281
121319
649258
110270
3319853
317636
371862
89396
80108
310428
676571
77607
181517
528039
385518
1148056
77807
77836
77683
216215
175803
2840582
88783
77794
438086
748754
166212
747804
400297
77517
723456
1842435
78376
77569
1139412
165926
1625754
135580
1702330
2102257
411218
2288037
124385
77733
99191
77943
165618
77834
1171891
393146
78101
378908
802543
657611
78253
127183
393263
123898
946812
88607
468138
755118
325342
8232245
331611
332123
116991
415682
77778
78527
77961
110290
77703
434982
1189434
603039
77614
77460
354207
423840
171179
191029
1134530
77748
77620
1759257
351391
99705
360146
570855
79798
387444
128319
77561
502971
165051
100469
870790
2066794
377234
77528
150588
250639
1230530
652194
693908
79721
1637081
146024
240228
663540
222866
102228
1820554
83390
246784
1706335
318576
413721
77552
78045
296792
77984
77495
348978
971742
77975
335602
77563
1072439
399565
83454
443262
961352
138636
181788
115820
390323
816995
590299
640610
1409427
360924
100085
77462
202194
150995
138202
957405
88600
77543
179815
99079
1577137
327299
79174
576870
88673
1099895
638250
1789852
88485
99561
1042584
388328
403783
2578101
78420
307128
1986627
234994
456219
100957
77695
102229
77612
1429376
1223141
456933
77606
363776
1079750
1903354
126445
352906
78344
77660
2215179
323779
77716
347506
355724
2247692
92070
540249
1153406
710121
1137540
420708
1235727
88516
833123
1188709
437005
991081
1883744
772196
166157
377216
77853
77574
338523
279689
77656
1198640
460025
77623
659406
215881
1602669
388519
144396
103343
440059
482067
116279
321548
126661
99886
404649
298784
300642
102634
581338
449983
183204
2719940
459331
662496
188303
477292
1080601
640132
3166104
174458
159930
216327
113881
460336
88710
78265
104288
99710
486568
669186
77699
77494
410595
346428
77581
245622
100652
158577
11939821
406122
340307
78134
180628
613533
381899
80924
146638
303152
183114
78084
802065
79753
299999
1805886
684682
112438
548887
77686
460650
88691
172747
300412
77668
102267
132566
470669
738937
740018
78022
413449
572668
815474
127096
3033718
77905
111347
1154614
4338925
778817
329225
77807
100131
77841
77388
2504238
137318
317416
299146
407750
308993
297386
639078
321585
2547814
100642
165847
1751104
2295152
100225
1138773
415375
78392
110308
150651
512542
181114
99592
181386
1244993
78033
620369
297989
78962
77789
88229
568251
99836
77857
296858
2864180
79650
1319309
193802
854564
381422
1238099
149482
335374
1067027
193196
1212007
103225
78296
270330
108822
1400853
78432
945196
156803
137332
79518
406731
100271
99656
100201
388026
431026
1462081
77464
77524
3587648
1252539
77738
4716076
77546
360141
763836
372429
99879
100563
1211264
1007669
317916
318231
276188
88830
99337
88385
79336
409269
103020
103805
79957
714334
78913
538194
105266
154809
170946
2055574
1378678
349488
77663
640426
188857
79939
383942
2808853
130500
102792
1787816
361057
275227
295829
603580
2965458
5913843
202853
809827
78216
143732
99849
155928
347568
383380
6166295
1952903
700721
78479
99715
102031
1201285
957307
148914
98598
1603153
357007
1407613
696503
696785
381848
306184
110673
142279
198340
2228849
137704
77753
141642
138020
928289
145846
89239
214089
2776699
342828
78955
369416
78015
1062224
424889
305631
143807
183013
102392
351560
148946
659181
77530
77472
380618
486032
77832
77933
369781
132684
77816
77795
165707
527223
113203
78532
88488
77698
1430758
77732
4286796
104315
412187
110327
100542
678428
393896
405682
5354451
79617
77688
77491
944747
77583
711834
510904
131334
99481
78370
81758
100369
104318
177813
519481
77633
2253508
2966813
77480
848662
394758
298808
291131
879479
5566464
99482
174134
355529
167561
164826
88521
99498
187833
615823
143045
91724
776065
129385
130145
170882
89098
1507231
132532
130787
729898
426942
454198
3460203
706442
138306
4751318
612858
77581
645533
164725
891306
170116
77641
770663
356001
997258
5839536
2192051
78569
243494
1261990
78508
3443770
657675
462047
354562
532936
1127091
77681
78017
404577
373117
3452698
192400
77556
137146
79107
181335
1546683
143214
99624
295940
79886
559614
9873084
77655
77715
1029579
149177
79845
190193
77900
312386
99904
350458
2094321
78536
1873175
816082
340490
688361
1247791
132185
78130
79134
100669
919945
1050336
2041868
477838
101874
88872
78503
4076568
77618
99668
148669
299324
122355
207964
99706
805724
348740
604770
100808
346259
223279
79411
78480
169908
170394
1090798
126019
217460
2050791
77520
77506
384864
101193
1126951
148334
78178
77577
785801
77578
1656433
60015390
3773205
2182340
77995
201940
1842743
627037
348648
147250
131878
78790
77584
77675
1570517
421789
867135
420255
384038
1244444
3851855
132373
478598
2087844
103245
376691
78264
520159
2997274
6349326
100380
231554
455807
100336
78646
132134
77713
151184
364656
165523
399242
113761
406779
422087
214816
456666
376030
381423
358052
609558
484457
300669
1972918
2122631
506804
378033
385103
77489
1144710
92766
961265
130302
126073
191117
77677
767788
1402836
932520
758851
126842
533313
78203
101707
79041
1261943
77630
101688
238077
380434
77699
156773
183123
395957
88794
320699
3290136
100217
440475
234800
126960
82458
189731
468743
99741
216830
132308
136203
79074
265556
425784
429178
1085934
101315
79005
320960
977834
1072685
175735
205303
78756
461266
165321
99459
1003725
338338
77649
386203
78051
9020100
149150
1630605
165270
77900
103831
554226
665149
121911
172510
143038
77534
256766
760542
181558
77938
1271947
79330
502990
146305
5456033
2029490
1702619
574484
111096
79974
270079
3542737
527706
100650
101901
77519
315486
77902
80057
88754
77693
150761
78264
218942
89024
420183
460824
530699
3695668
80808
299600
153972
1095333
139536
146612
88627
77905
271625
111809
187998
1063993
1076883
181637
682968
1816725
77527
985187
176570
77474
154884
7938191
484663
889476
77654
1247726
399508
104629
824276
965715
2239958
1356008
225821
100982
110227
100062
77492
77942
619158
77527
206642
101842
320954
316545
865615
2710285
83841
2251917
783009
77910
758159
3412709
368850
77613
1486009
77535
2105157
201858
152359
99813
77658
755440
167419
295141
348359
322463
678071
1037388
77562
477797
338746
665710
1172957
111437
402036
1719787
830408
78208
2397356
515289
2290209
662140
79086
169937
362413
168226
501382
412595
1183437
1097322
79456
77574
369152
390819
99940
123618
1233590
77969
401976
125818
77926
101123
3256756
103878
77794
147589
905247
1896491
77781
376729
432635
78087
77633
102467
77770
351678
78018
775893
3699768
99560
366169
391877
77594
3598842
101974
330932
123328
556101
104269
370977
5256998
181778
11736661
1731023
79165
172347
3361476
791784
169758
444306
78673
815346
162866
5064073
735986
614544
160336
77593
190410
77781
182701
104211
1039079
295761
77004
103841
77514
231326
1192838
628288
408118
760900
111464
88572
89333
3143018
101513
738599
869644
1537505
77710
77908
127186
231733
3051739
3279154
77606
1580009
78234
330033
77782
4675401
807411
77636
1304577
79873
517755
2151334
1629574
108126
741870
167421
623204
77722
553421
114584
102364
181575
3144826
195439
164864
137894
671523
638584
727361
403994
126790
88673
100114
306482
77675
191885
493017
360525
84248
78949
77676
77785
346540
110563
631364
153935
936624
79130
2754376
354685
77545
329681
111340
77910
81579
513672
2268446
3997432
99656
100447
1403393
148547
428703
725903
77631
780744
77622
89042
136179
101952
794261
164937
77602
99798
269303
484106
102533
390213
126496
1418402
328974
89874
1731117
77441
846158
81753
78611
100092
297676
157257
2863887
82176
931273
2220873
594398
640194
165493
553848
1554600
694428
111960
129016
77643
88426
128766
341376
77656
405319
16491301
1119818
88677
77646
99740
156751
77605
102163
1145043
77549
2121523
88654
77480
4452521
658813
103324
131191
88394
348589
77574
508596
104538
77644
830893
4058640
77759
77550
560806
79387
401146
88710
447656
78875
906446
1056058
374169
844444
164955
1326080
320244
581170
450764
158377
102630
329567
165101
79270
100249
101999
1079243
758377
314488
77633
498787
384153
115139
381310
144019
302164
324567
99742
78277
88513
77701
429246
77409
77597
4930890
1896093
764628
77686
77497
110672
865807
77617
181424
327896
77517
654318
301450
485414
77636
632579
1911231
157232
1117403
77647
88249
77598
338963
533922
351648
139076
110012
3892579
189684
1201817
88482
88665
383013
1193799
77649
380369
924827
416691
489150
110235
173338
943598
171192
100283
327535
398647
130552
298860
88245
1190489
3062703
99748
77731
420912
77660
769747
78323
168482
137379
99523
100169
3426662
77596
126600
361784
1812685
77965
610015
77778
77501
99948
99952
12844548
1098590
1435172
513396
102349
111097
165735
784115
806703
77489
927051
77730
792095
116483
77734
994176
77575
176647
77822
1442844
118490
181224
1830466
161728
1011481
2056377
5152881
1436472
368672
379666
77495
533654
463223
1383949
223380
110221
88704
145715
123264
573469
77797
4185828
1757005
102129
370231
182770
643336
204897
101702
114098
610036
498167
99747
99774
478581
77548
704775
1214388
171508
77709
1554702
1893918
727180
88954
384855
422920
377932
101765
412684
211205
739919
77474
164790
77519
77471
358374
584380
381203
390046
1910431
266010
112298
165259
606673
705098
700128
156626
1446587
188440
1243417
99636
175882
77610
100422
1413877
641090
78096
252141
99843
77953
393900
1319370
1304987
1978279
79137
1124570
330404
973055
77670
1023163
77589
1673696
496127
77578
77803
245950
891189
165385
88851
547869
233993
77560
170030
1798959
140643
86497
79843
353925
513271
77825
77542
636028
156911
99509
3056262
439274
100330
806488
5900825
99453
102287
1549928
291889
77507
77571
215313
101827
1580099
77750
77619
1299492
100463
100622
1371216
353271
78064
77776
77631
1389889
78158
114386
151056
165855
464265
476761
2732158
156574
1095155
2114867
129104
407772
406398
156526
299212
101892
858803
77699
103905
3436397
5716579
84192
127964
1109504
365415
398241
498361
160000
187297
639483
348270
484557
77622
318649
77825
170570
2646228
802415
199767
103704
425083
10784952
144016
78489
442016
2713726
2209847
168398
166391
102722
103668
4165294
77683
378962
77520
300428
382411
99328
77653
223367
375181
1198173
78556
459632
115956
79210
78325
79229
568102
80213
148105
90188
79846
367269
103663
171540
829483
857031
409839
174581
102383
418466
77716
2545791
503935
85054
342355
185289
140515
77759
88306
640445
90167
102087
80317
388819
376137
226591
819644
1054442
633253
77641
77550
77709
380796
77755
151215
126960
100020
77674
79615
79532
78300
880112
78353
375730
175740
1435957
78108
702815
350491
81274
77613
99265
884654
2065809
124665
545029
644946
609435
456545
89710
805328
254243
2535736
80296
787672
4512044
5009911
160561
1651626
224511
417077
155007
77567
100448
560529
651400
137581
101735
416152
578418
1107918
143329
77583
409714
202383
88378
1821829
156922
99803
137542
1060141
104076
520834
121677
411204
157935
465944
1300633
99777
77584
483432
77641
782821
525978
77608
827249
152106
79295
99892
113691
88543
77433
1656725
77849
865411
420450
185832
145990
77639
77816
1410865
863021
101858
676743
188264
447867
1499757
342762
146923
77699
142700
77573
1445372
77675
194040
78907
77960
114131
317317
317181
640758
110390
223523
4493323
315198
625686
642398
99378
167881
77575
701624
128465
100398
833415
78057
100268
834016
371349
79160
1893431
122446
320498
9838982
88657
101857
126880
77562
77600
77525
79171
77742
124254
130443
77667
298973
88617
1043599
676676
99310
234465
481956
77646
79415
413658
92698
77663
113959
99337
2087754
77489
1879283
77775
442532
476564
77509
77505
6927539
77647
77512
77690
77738
1075482
1710335
100084
378190
169148
380737
371136
1880639
429397
77441
77446
182342
1007454
314472
464785
100430
524890
102354
183778
694416
1286810
366009
872737
2151561
92386
110041
978856
157706
126558
155130
512072
88616
498113
78527
112207
78036
78038
131961
126270
388367
2248391
114983
99339
77589
77785
1563860
88592
100507
128482
1067365
78295
127023
1337702
100290
99498
950676
78196
182182
673635
1287640
1775500
299941
142807
77610
88964
77561
99704
323963
166230
82287
1123617
159919
304937
848715
101690
377163
101949
929092
2682375
79212
379666
920994
540251
140522
110574
849730
976377
438346
99851
77557
2054755
226211
319367
178969
852473
360393
112237
148264
152779
154680
101759
1231822
2350840
138191
127844
367740
88593
1056757
1884031
500230
79785
89084
94133
78234
1896724
80694
448510
3566390
112273
3481610
436781
155141
1519884
404133
77773
88605
88543
3122213
1344803
353520
77605
77500
77675
600391
392116
88688
104382
169899
317412
1058774
88724
77510
509131
308574
77748
664093
3819056
122166
784569
95680
776486
77796
319139
100317
645741
726612
77743
1123200
176410
885722
921338
78114
160221
89479
168076
319684
426425
389727
1853055
1207678
102408
2169672
77636
77707
451366
5075681
100504
78360
1188730
112964
154117
77536
100249
735225
99854
1216206
103716
1983472
148159
813048
190291
176180
191167
99334
118561
133080
103415
77521
145736
77570
99732
77842
77549
77484
540032
77584
190145
114847
77725
163585
77729
155075
298477
182471
378270
99658
78756
403622
139960
536424
88537
2287885
302043
187796
11243475
432353
88940
91407
3896314
5111386
956893
146424
357480
216672
166038
77612
2501026
840002
706413
139521
825782
77451
77632
99869
1250772
175866
165273
100548
889064
2874043
963502
88873
1034678
77634
148365
1299768
77614
78598
4113553
176012
365387
78092
592367
79289
77785
77728
110390
497196
80412
77570
1688680
77663
77786
171079
453919
77589
77735
110325
103493
100337
571170
110625
99673
155985
77584
2507896
490160
77557
88774
99545
187269
77467
124165
88484
1790933
343599
190982
88419
312951
99277
721571
157444
788879
77655
77792
99351
99602
100001
99652
697277
1161914
88598
158374
99375
99565
103403
358414
3840612
2252502
77698
381302
1921032
77795
390467
100713
99885
77712
77671
540687
77370
3206539
186904
652608
146701
980799
3806090
99522
713744
322851
78675
99252
436282
105498
102678
77491
696710
77728
102358
487313
354359
121511
253297
798114
77923
77926
122902
178758
394708
358317
322437
826841
298002
157114
157190
317092
77524
78147
720338
1567383
1127047
100120
187263
1763755
360637
78956
77995
139642
99736
191696
387692
77542
797883
367988
221647
104375
103480
77818
867322
746066
325410
82696
366377
487948
160799
397649
77986
100281
403264
2810582
165905
77554
77560
1804909
2804144
317298
77948
149151
753269
110377
90542
79350
460247
295154
587082
427362
408666
88506
78413
100777
77637
88472
774469
100039
85415
200457
99547
99121
515150
78802
80149
497093
1571906
451878
414490
703287
240430
102098
172365
453499
1579072
423589
636971
77542
392022
600479
173030
2525255
634620
483569
579011
158747
372563
1585575
184848
111231
723499
77776
194948
2214941
139620
921503
111749
447220
77597
181325
77541
1160621
88673
78753
108482
429609
78226
4321616
206369
1036900
101604
301099
2931386
3425664
102952
87577
372257
3482301
8067981
551040
104621
83539
1049429
459403
83604
102229
159829
903481
463931
3970188
79533
382332
78670
78707
78276
79187
755145
79455
346483
162061
1331748
361010
480728
2200516
142689
79722
334503
114438
169779
79102
499885
1895535
351386
148939
601319
113406
125599
207177
81347
80280
110019
695066
323701
102435
79488
1414668
148657
80003
101914
404799
1917898
831395
1146607
180138
470787
79248
79104
695715
79492
78924
474792
102046
104524
137559
531601
1080277
79344
79734
328783
411766
172065
561512
79601
123010
195348
386696
176884
171066
458148
171378
169114
2305590
295476
713594
300116
79100
352336
917560
80002
79600
162312
117784
1284943
691145
380978
6962402
159758
80089
355022
160572
101915
1669894
317367
148071
869054
161509
79694
90413
125948
388039
79548
79432
375828
79555
627961
2049160
4203968
196655
494119
196426
131813
407023
402218
83043
478399
170068
3328069
388131
92014
104610
78717
916814
79909
8162503
6605237
79131
101092
106841
6863819
115094
131895
379524
90614
676668
79251
680209
162394
80151
11573850
103429
533371
457925
89885
704857
82592
159357
79027
111703
169483
823588
79059
102104
100354
101473
419563
103554
78616
79201
125778
117148
1145983
90003
5128960
85648
175709
623817
521881
155896
176584
545221
79545
384504
464071
106055
106149
104577
458080
80469
79762
79311
150837
173872
79519
410214
335290
79785
1106110
137837
199968
828644
375445
3252680
80018
108316
293428
79956
396308
77647
108504
4116024
671329
123827
1143371
757303
110913
78003
1696261
160178
1086923
78312
783720
89149
801474
777926
339535
188054
146043
126233
78396
122022
3416796
692890
77625
1956883
7038207
80248
996975
2010525
312265
818256
77526
99579
299349
39583421
250744
99885
77665
443341
1050752
345730
469530
78476
196030
455909
1962492
113589
79343
104181
2894792
89348
377848
99410
207460
690980
153926
339361
127124
189988
126416
739988
88637
929133
446623
181835
77892
103381
1517901
318436
1618977
102069
77685
99919
77507
77985
325350
156700
410041
814880
2178824
398514
297903
366626
148274
1143264
78648
372018
547059
387401
730224
289788
78994
689245
1019567
2673660
77580
351425
758580
77767
420253
674434
315533
100405
77574
429654
192194
355463
1209668
1115030
174024
339003
384507
89267
77859
160019
131586
77867
112609
110573
595062
798852
7012484
100239
735214
285932
99841
206068
302942
102290
149357
128463
221031
2876569
456807
674088
99852
99499
165584
1486974
88612
653701
215129
609334
122991
77733
111418
77477
181651
2246720
654001
77863
101601
3696964
988574
77537
7548776
100076
675153
77859
99793
923627
1021092
77572
743382
378527
159965
79138
648725
86068
78004
1839383
88960
1686268
663372
89101
298576
469021
1480007
88850
1101810
1753321
331795
433523
99113
313796
101672
225183
77635
78095
77660
165038
1360603
169124
662080
119176
89157
171338
99636
219951
1233835
330752
433889
1134892
1032599
408705
1184722
83918
381197
263774
77778
77639
563888
610643
823671
253697
365584
380546
148789
77635
99869
635164
361106
442145
77834
415068
157377
298145
88744
122380
159063
355550
77631
3818125
77602
2114774
77735
385710
77601
1934145
298220
479597
104120
4936377
90275
159678
88819
574126
1963426
833310
110074
306777
779613
454950
102449
102138
77523
827315
4246239
1783520
212817
211863
132552
1042523
77692
604535
99161
615721
642740
127157
1059057
165431
77882
180752
142872
766226
83988
1593401
77697
935970
186063
87197
1016398
138006
814906
398810
99402
137960
719495
104376
99813
77737
370846
78014
77599
77568
176358
149444
102209
77736
143634
189461
77801
78446
1454099
738208
453090
77629
296775
315714
2080028
77625
88549
135873
1988593
111666
928758
156900
347322
77701
132594
101915
280760
178052
186748
77430
128335
181157
3006666
354247
470829
395408
298845
1105790
253295
137725
1771132
102970
95265
430879
99632
77535
157090
99895
77919
320329
165396
698429
317923
400251
446121
88639
100294
77694
352832
99672
720356
132182
77568
77572
665211
729365
99517
127449
363612
148977
169687
77909
24982634
4351535
319650
295838
77841
77478
133060
2079800
77595
1019578
6807733
99689
88480
724070
1677631
3892105
78384
2695686
388204
77812
385384
99717
885777
145751
77558
132515
452664
115516
132331
77527
264804
85480
111252
183916
574800
665854
121503
5125804
598736
77610
2996712
3483662
1990573
387805
88818
395700
601259
374192
712616
167424
1606807
77884
334383
2628681
1449612
844108
110452
2714371
2158120
77923
77688
520722
77510
945911
602816
1942485
1454729
710199
1004909
106068
1585595
166208
78557
105759
99403
88416
907112
101896
1422258
157015
1711351
102162
104289
298652
203583
301827
802309
1627268
587365
77568
165551
77488
2823871
379655
294806
594978
361244
1201634
364110
78825
1713661
734722
79279
1883478
374547
156591
77702
77905
99649
510083
193152
88589
540648
566013
88720
437673
102374
101841
101771
78073
161439
938754
1300159
101952
843148
182179
102494
2335637
196352
1406087
77519
100399
85280
88694
78027
164407
384428
676776
77559
77580
77538
186858
389888
399716
1032490
199015
297301
495732
109249
457411
398198
77535
525931
451244
77885
641724
100320
188735
969730
327681
88688
129242
995926
126121
371844
77659
121167
77565
1102081
766425
758188
486966
131897
165902
340704
512930
304117
78418
205374
648447
102315
159588
77719
422254
3519506
77715
102196
77736
968967
88507
945502
389808
162717
256547
387107
390630
492489
186388
77450
170500
123619
184154
536456
1801656
1272672
373325
77656
745856
77752
362831
125914
77807
121327
77695
1293155
131099
80739
328119
99741
350193
3436392
88702
149540
3962871
1678572
4256783
397381
816176
776243
576403
335845
77602
413066
481667
773257
702242
131950
300109
424892
406872
77575
819160
77774
1122121
139920
322804
375828
777150
1270675
77559
77772
180751
115153
1394301
341312
167897
685150
342971
77668
77773
77931
882231
77687
1204671
130306
385800
1904935
101572
1208675
165530
2006012
123910
148748
490218
84305
346331
120944
189179
1708617
1553168
324014
103708
128849
320613
457670
100116
644872
159803
77891
1345768
77641
197298
103797
167160
77489
132399
77519
77865
77537
186850
1608336
10251086
77680
99735
154653
595057
77610
407044
77519
410428
79418
317351
77568
1610064
24277106
124265
77823
370395
340912
381600
702803
132433
88682
110398
156339
80341
77597
133350
102869
952350
2178566
315387
195431
1359742
1008521
1705269
395714
101853
1779194
77565
5723876
2046952
1704559
513422
232432
133939
447368
77630
100017
1425768
77880
154163
209789
77560
1722732
78159
150039
300491
317686
77817
2022487
582528
314192
99571
621357
322181
371013
77621
127022
77988
187511
133184
155133
343944
411978
433935
77606
458932
699117
638736
77839
908831
444182
100695
110614
2561835
100329
132181
1029902
2017707
77650
100281
77860
306643
393285
797542
77955
77666
164608
780946
669536
2941866
165015
77507
1788710
1086561
100383
296938
102979
78053
395935
2901801
77674
779124
78013
2681200
376490
99661
212893
77614
154847
390258
176674
504268
14012865
932788
686175
616674
156248
88433
83846
168045
78115
360563
100324
419794
186948
737346
77775
440258
381505
3135325
753601
2414596
368130
547972
8441426
2920471
389377
233012
2997103
602247
124336
88517
1936378
77563
154360
305445
3339339
853185
100142
99248
77722
77835
124746
77547
295491
77591
417476
382051
376613
99859
2677531
5554148
77836
509477
581754
563534
4454795
77610
703676
77643
77613
312160
88226
193295
99229
427690
604964
428285
1024450
364709
662045
77666
368011
2880747
77778
431862
77940
353878
154690
103422
3398183
341809
153762
150842
181240
165044
77760
190775
77642
348455
77549
77687
99504
78000
1221421
1982742
348284
352697
92242
398375
747781
519851
1134260
156990
101853
345451
527354
79151
91720
344072
750088
77579
507469
728814
88867
77559
418585
241777
421661
139299
369940
381231
77846
101274
77897
322051
157426
437668
99822
1296931
168502
77549
4197106
185163
79049
77970
566505
100390
78020
77676
157094
77958
100170
546784
88828
301289
976341
99470
164528
152461
79127
4424054
77719
339073
907054
1088138
715894
77622
77695
1795637
1805322
77924
77961
102006
77687
3017899
785962
77584
829093
342594
748721
99656
102355
77757
2311309
77579
408992
433277
77505
855928
954086
99933
1015342
299230
458329
77630
354155
954778
77782
649585
751527
1164261
411892
79563
1359433
77608
121927
206728
448270
384777
936265
382705
298654
101770
740641
5173170
297516
1009400
806502
159363
2582303
458119
77488
368369
77570
77472
1529576
400211
570458
2151331
78311
77762
297106
932099
77581
102490
817530
99950
312997
138814
100484
370463
77944
165807
88739
77674
758100
77420
8536505
88627
155613
77556
146033
133185
1739552
321927
398039
1178715
155207
922382
77460
77662
123935
772347
77742
887415
127439
88186
742236
167907
132508
2175743
77823
77519
165507
436289
10459635
184695
132189
126715
156286
714506
1503894
159290
612836
1492331
165076
77563
439490
131125
153370
743909
99101
99861
751994
1241174
1217358
134354
99341
80099
543845
833354
1387780
722925
329449
77780
77428
187718
1574171
460209
77706
88376
191949
110199
77554
126858
485614
99727
357495
337173
77818
178805
411302
77639
1327216
1254802
77505
88156
297468
77978
77758
99777
127209
356818
786931
902009
134744
348580
3422822
414652
1551827
791944
77773
99991
77741
1409413
100052
497090
154075
816278
439703
458613
265232
77595
99561
77949
355777
346110
655242
1015520
702315
873827
79465
79762
3342196
77694
755532
349264
1130602
278833
749737
1278134
100163
77685
614923
361438
299983
326488
161319
686412
3294504
2389348
77685
323761
83049
214735
320739
296464
142886
78080
187373
951439
161721
770821
1415165
88479
123320
298600
605983
327861
5535439
77932
297091
137960
697912
78211
231564
86733
100218
94559
771141
122109
88408
361098
414183
77904
101035
1196245
77825
344714
77553
182538
187341
77640
451225
324001
709664
126973
294319
148701
154216
77641
78016
132579
78563
77717
1149069
327562
138474
677537
1145553
144630
466712
956825
1980230
919423
77950
1118920
417352
79219
103387
358429
728830
632544
349839
143548
874845
100576
101769
99783
99240
153959
88773
77554
294925
407768
439157
77643
946666
114709
77450
169677
80701
99824
77532
77654
1219132
77800
77598
101823
307473
5915078
276310
77717
1004572
123585
77529
1078228
77716
867803
731559
128505
924774
446972
86642
454833
173753
291392
1049386
652125
142010
88771
694236
77561
99926
78079
131978
906669
88713
1814193
1712378
1041441
248162
322752
1956430
352285
803461
1363782
455589
323252
169844
88362
77914
828881
936721
1098149
1114453
138548
88639
77584
186808
78352
77756
100279
77594
103637
79486
4532960
325428
358187
1033815
77457
348833
197919
5159133
148824
169253
354468
191198
132385
100596
584760
323154
78996
428275
100732
77776
399645
77708
170069
1471917
2361022
198669
849153
88655
715664
583671
407096
316217
865527
301454
77650
99941
3925453
1870910
77571
1789026
1119616
77471
132011
409010
2770615
77798
467719
3313762
502549
78211
77794
323341
356012
3342168
366385
605769
2153788
2545587
77631
1280750
155028
1117456
214245
121324
1933390
88833
99950
176716
1174394
189838
424536
966246
77514
298756
425815
77519
122112
88522
2080837
77752
406683
295353
498400
164761
712512
2245409
77941
300875
183488
143612
165601
1499564
984044
101338
149369
132363
149162
191394
89260
142774
919261
100337
110206
110271
7238174
803231
429788
5393474
88321
77732
1716673
77685
1810479
90228
79355
248837
298613
2853533
122363
2547100
947959
3665790
372807
165802
436990
157055
158172
162856
2419119
102941
685223
349314
83329
77847
419284
3258313
77714
297381
1747594
299100
872245
140434
399575
376556
77920
331180
77867
77545
600525
137890
297239
1892204
84439
1251037
77987
92445
759338
334531
77525
79079
1757898
77694
133549
102155
687652
137247
187274
508326
323237
100210
389101
94568
77436
77822
346546
183817
99666
382068
181018
121542
1204246
137525
102174
101583
155899
100158
99912
110545
809168
311557
2479589
77547
488671
209516
155532
825877
1203435
88631
77499
77764
295212
199944
137066
1008092
2808321
513090
378103
1657098
77528
1595798
77617
77964
88059
99161
77650
1159263
97354
99559
321858
122137
296200
77513
77502
880518
473330
77802
930172
99319
339461
88754
518674
148154
99151
2202681
77487
583248
77517
388369
408464
2278838
99804
4436568
78002
300816
88479
264301
187894
582657
99276
1031881
988519
137894
176039
77543
546957
138092
2291012
77604
365059
1073899
446612
362661
462252
1945083
159389
77375
77593
77510
697353
332756
394819
79513
1723809
332758
241105
1202599
99987
616872
4305113
299646
7215969
522019
99841
7596486
547812
113235
318412
122784
3052099
5712991
77780
99645
88691
439665
252908
1824319
810961
78298
332025
904564
78857
78773
183529
407132
1182468
1323173
169090
123304
103456
953223
473289
628328
79469
314058
159379
132978
147858
734753
381968
100076
165565
299679
88542
99725
1268545
209987
100261
201007
164946
606130
77579
77760
1972182
591526
516674
101777
383455
633004
3210790
116203
122380
1691729
2587556
134245
379698
297192
1000738
521004
99898
77516
425231
77499
99329
137521
746963
3129081
1554655
302165
1781955
187811
91985
101709
102569
77636
148403
77976
769679
331414
124266
77586
100177
116033
100383
653652
77497
841898
143277
77586
189369
300947
126269
358793
100390
77656
127802
1613814
302715
102416
77628
265926
442651
171012
222418
816304
165106
128355
166118
1539311
126170
278158
121446
2207135
77738
113039
1197141
421976
1556158
82282
388439
77754
465168
78476
99636
99971
1195526
15193411
396733
77894
77775
1125295
4117098
77598
148354
100214
143702
100997
77776
329930
77391
388190
156435
165497
432212
534363
99460
165585
1077193
99426
77670
710980
3143435
227095
453038
100525
942504
151352
776808
80920
682267
156960
340871
701613
1564889
1277405
2012413
156351
99351
5713130
1718455
78005
815599
77672
959851
1292620
77610
121878
121460
77686
340273
101237
1989763
195431
350838
700297
401863
77542
88717
369590
688927
386318
102872
164210
171756
130660
388183
474097
99748
165802
346632
99610
77562
132566
362310
77637
680705
77542
77665
137548
161250
78136
2215402
154304
663795
336360
469950
1387028
441868
654370
404599
79598
811720
769645
1530558
77554
670331
3110573
923661
1683526
840169
88895
154299
104253
1495322
99523
408204
157409
1621671
2509841
77665
137329
1841725
1478198
99834
1945474
663027
77771
299061
102079
78293
7249975
16050923
103901
1044509
7057492
1601142
102476
77539
1863998
158716
1720949
563478
90180
123523
77788
780598
749291
99279
525033
78092
79548
151789
1906543
84869
99681
1003270
381738
453046
683406
102454
873182
77683
133610
509662
165282
602474
2488191
385124
831536
324712
330744
349644
2399520
77538
780715
1280995
7001756
123967
409761
77634
666454
198186
570366
77673
319017
176339
112871
389892
168179
345454
78052
335843
335842
1649132
1651637
149093
433122
1154527
414926
137925
79965
176594
221905
1334084
77959
99214
5052608
124782
485965
1223313
393565
4445205
227825
163166
101923
609598
77600
772345
77616
4040750
77560
88972
246179
938188
78619
77756
166186
81547
2837978
77512
79367
158567
691266
365534
80461
79501
718039
104318
101775
1212332
90293
79692
614284
112512
2329372
772026
90514
345709
176814
78996
406638
766453
122242
444799
4412943
80030
353109
105127
2179522
161560
5491038
104853
77506
80346
127444
79497
912131
4362695
127463
79203
157260
80136
162849
692554
100099
1229017
77657
258760
104317
145642
815340
1392895
168176
81866
153106
1322942
79297
159719
346831
257210
101910
2198319
2200705
79999
100382
415022
91387
80635
1347570
126667
1473308
103731
79641
615607
502918
77693
198314
179585
496436
1515340
573156
320842
885330
756452
80947
280398
141422
137398
79678
80172
308328
404303
944553
102221
102249
1304471
1049395
307836
77912
187096
127619
761682
831445
191131
77933
235306
4265008
397482
898734
443835
90936
1085890
306807
374068
304455
1486565
77684
77609
464706
106063
366818
77521
634229
709376
99966
138426
77414
400948
751066
88597
77619
143547
802644
373023
3901666
546331
299623
506264
80722
825753
157016
154263
539408
77791
306897
402724
454303
911928
77719
1066909
1640926
104713
159675
77627
348052
165099
77946
1363495
642874
99668
1748030
99710
182404
5333477
88621
79152
77625
392851
78232
374099
77655
165561
178625
340219
77898
100064
77703
353879
588260
77493
1714814
259368
320382
88320
310566
180786
906172
77598
868591
403062
376220
110230
101829
100387
77681
148279
77521
330545
109122
276629
1236208
1251051
77752
113473
99789
2594348
442525
174120
219969
1073238
900864
263758
121668
212764
1851797
99472
876172
2714278
1062762
330711
101896
183098
148436
1077715
710630
88577
965194
110389
181924
242005
2509844
860070
1414078
350048
3221964
1870846
79914
78220
4909642
126845
4496607
77651
1134353
154661
99655
77628
127019
222349
180545
231595
1169961
320725
134998
88894
77537
77643
188005
296210
490882
2151333
548867
367450
396742
77591
189845
77682
149209
367263
77806
99777
1339898
101746
121278
167963
93215
707274
1649032
298504
100192
153817
99375
295698
404473
77864
100320
2355963
154657
78776
148827
1048483
1049688
201268
77744
101800
110153
99786
995593
282281
133096
189040
735259
78047
99445
294983
79087
78086
77427
350164
339183
1445861
78250
78248387
104112
31605732
314988
149479
99850
298711
241853
517919
148860
563673
831710
102712
1444786
1767866
10351112
129287
191897
298538
1350854
132589
727773
369860
196005
183302
78511
541255
104665
200903
834973
395172
79867
199054
316728
77508
77633
78667
360914
746026
142834
2321043
1301428
647378
77789
237175
298885
126709
214294
77621
533117
77554
531454
100520
309387
603396
806079
1750921
77670
77606
187719
514837
148240
364982
77521
1419967
77909
2588495
100178
693610
1473602
415076
99320
187749
77721
77571
77940
100381
283890
4277837
172463
102174
1154238
99638
1685532
170391
142618
2772115
917646
77563
183391
421931
2851985
77620
99490
123933
371661
1621713
121271
77769
124422
582393
77540
77618
910554
267503
598807
1338426
1032465
79696
837576
384329
2162020
201684
202264
78823
142296
298294
133198
78570
77511
78232
77530
149074
2230588
782854
164718
77621
480070
77707
841417
368444
763626
77990
102857
613632
1371188
3646280
86617
77458
77575
181898
433095
78059
123766
875664
445253
88477
544218
440852
171052
468516
1441170
77572
3319546
511836
1133010
1854472
781202
77571
77490
77543
99616
366313
605228
954011
78321
416783
299435
88555
186460
95947
142767
773712
323592
78822
99599
149283
1265026
1272404
781963
3771804
77786
139164
77816
2294569
77641
328726
382907
365374
567240
295523
77742
528241
355190
77754
99631
1427087
321917
101874
77785
88477
308163
157253
88933
317579
77709
465315
181032
77568
228746
1029363
187410
165059
243439
2586324
781742
445415
362866
4287130
78646
77712
88447
3391129
77693
1062177
638432
128884
148942
78023
77691
954455
422764
363869
124494
368923
7276833
780735
122411
110202
435381
302021
185996
2089067
1122874
77902
77611
378466
2951574
161499
413863
460502
91410
180779
99254
77838
88503
452148
110150
77949
386764
1001586
732101
667948
77778
77584
77891
378278
190732
369357
420252
77969
101807
981974
77758
2125260
112566
78907
666453
77805
711052
99134
2261965
77726
668952
572232
99935
345234
77660
424113
102147
1065893
838024
77579
122386
77963
80661
301721
98949
1271438
395803
647101
318989
145919
104381
217077
99747
122438
112905
77717
400234
1218272
318702
1225669
536975
77944
77604
77546
361060
163246
507950
404794
1022174
77958
877345
389595
438051
371403
99949
390740
354191
78224
77693
1100147
885712
112067
564327
79603
187473
401061
99887
1649162
380202
873770
99521
712639
443776
197625
1714809
79421
133747
2311107
330512
1677578
1576818
77876
100565
132905
104725
2791559
419833
102340
403529
665817
88754
267900
329304
748772
685351
77587
319238
77682
146059
1890649
366531
356787
393408
221129
77931
754708
250965
301741
166202
467244
1736859
473774
1268555
77768
187287
298515
78234
2298050
322617
99645
102128
1235123
121814
312860
77883
80617
382293
128245
425189
151328
170804
1079670
585907
398526
298040
794794
159620
77739
77676
297272
321895
558159
166635
99405
122231
878861
77611
99602
410785
367671
927755
88794
680182
783791
792284
1322810
79459
88153
3399952
1033201
697253
324601
301338
344398
424322
754232
162339
77486
343761
127420
7840740
88841
146248
99228
353469
397917
3025576
77633
99782
2201251
666328
101004
392083
78738
374600
82318
127327
957244
1030757
77581
100401
144097
1144902
651104
446866
250023
77413
427563
595507
122207
88307
933591
124230
78794
154635
144033
237133
927356
2193971
353748
78187
2178662
134938
103685
473597
323783
77344
99984
361744
886669
100203
345232
219131
1640293
77880
388982
363207
100189
101731
1384062
77605
1232089
99720
88553
465414
77527
615004
447991
273100
301467
839107
77837
617197
315064
4679936
77562
99799
298591
392869
428688
467518
77620
77460
174490
167263
396532
170953
486576
77842
77485
3372560
88528
138189
77686
1418278
739588
88547
294259
857698
220405
165214
1399646
157840
100194
1020327
77716
432068
1873364
77574
822918
89591
3995443
195442
149617
2581851
77495
77576
937652
77757
78041
156590
1215822
101263
77602
2623793
408324
479291
622497
109180
78014
2168347
77644
77715
77618
370950
88746
77396
77648
77924
77574
403078
349906
77679
1071300
99128
77549
77533
77569
80316
77562
2178567
77625
99410
166061
3697578
77645
99707
78232
101667
341918
364503
77596
220256
77649
77565
228731
78283
2273439
2198624
100004
187430
1312050
341274
94039
518773
356504
1152601
2418518
943393
77541
332831
181833
77707
317075
100092
483221
77560
459300
114075
380423
143970
297286
78804
1528864
194545
1372467
500910
88546
79683
662870
77734
3813581
829558
489709
100188
89646
1135622
141253
79231
492955
510074
1692741
1676699
101599
752303
3224890
547946
112002
123648
99765
319028
351368
159659
77723
544181
413700
77583
833436
667506
1277948
763187
78312
77738
460786
361253
390129
3564650
89481
610734
3902660
1028757
1764009
100128
78421
6756166
77944
400680
315189
1380159
148963
110140
1458079
3193835
156175
79533
100006
77642
77567
530004
77580
77732
365568
384200
79348
88425
126605
135310
77634
110210
77596
132951
93822
166683
874214
1097739
709298
365361
77597
208094
155845
79311
165384
101096
80541
517224
100975
78129
2650118
90716
189468
77512
148192
371599
214819
973730
511651
1253876
90612
696806
118243
1675973
110335
108073
83037
458580
91541
1590087
101773
405336
1070883
80281
539241
1085518
78624
375040
77571
1820827
329396
77652
318499
1117973
78731
77769
77523
137799
183264
1263750
3044699
131972
128140
591721
498582
215112
132495
1939910
77621
1685933
476342
1099809
99194
100406
154195
77977
177583
781635
317235
106099
255856
601685
101555
308221
2653114
116402
77872
77577
689015
99560
804409
801865
78711
745617
78444
100336
102568
80140
18200182
374972
100475
101884
77654
127031
78681
111008
102389
154841
380286
102137
127077
82342
77991
778054
126566
425245
77726
446025
925938
2193287
77543
697978
77640
369042
449103
137986
379380
1167301
1103920
100402
165981
1063968
78863
671425
344695
99893
77684
189725
2305200
102240
177895
176094
662105
77990
77534
373643
77600
211563
448015
381592
77817
1195862
415144
408014
105455
1514552
358322
77581
383729
77463
77698
220305
625601
663082
77886
233129
77756
353124
2115146
392584
765804
88535
324985
87797
297094
115329
349456
987765
423904
978034
642017
77637
165155
102959
320515
532152
77522
236243
167994
371925
77594
753014
77552
295653
806143
200914
2173358
138281
3387090
78563
895752
99743
780265
660486
341650
77902
647430
164184
89453
1273165
78812
101611
643301
104572
166193
554507
102838
77560
99473
373181
812706
77695
297025
373511
1761794
133339
2041543
315679
165136
148453
15552399
2365405
187794
770475
445034
123768
112788
1988109
709703
1333941
2737928
726269
762162
13056188
682737
105108
4188473
1627277
761735
77726
77482
4321012
111286
122099
77797
77710
145187
313761
4122107
157117
381525
805236
607914
178549
3458689
373391
77493
301661
99676
348590
122162
116288
77437
77669
149749
415416
102629
1411844
165632
374143
819894
772931
1688045
2523440
993585
2902293
2118128
156966
414189
88717
127781
182871
77572
576193
77689
1049823
1410682
659124
417913
150996
99539
145682
898332
102176
316512
801876
1128280
385936
1076233
2758631
9072051
99979
88629
88677
104032
78085
326431
329295
77804
3582257
135436
79658
464961
837208
92306
1513166
121486
102089
626758
763602
383956
77684
77705
408985
77551
166555
77689
532247
1220788
77988
364001
3812789
90530
128930
358105
181127
263166
368910
80807
137374
2030757
219153
323129
667833
101620
133210
88500
100756
165859
626618
108448
965812
77523
77528
176279
239106
165464
101898
608622
77639
88446
99850
83776
88714
804927
99480
401771
1784791
400426
435000
1269159
77999
77622
83039
296509
148342
99761
172944
2239807
3633798
79088
99936
99221
154744
101627
343120
104555
132985
80787
110098
339641
77773
592149
82483
154855
322107
762047
2495389
377752
99414
1947846
427488
232912
127236
179016
350823
123435
78061
127871
390719
2170598
78444
296437
367427
100988
102738
2689774
955058
394914
88551
296522
1779138
102325
154329
391713
77561
3469765
238054
680938
1683198
684176
77617
191775
3338806
383798
2637320
330599
413794
168222
673812
3822374
149899
650416
1057261
559839
99824
77597
100222
77824
77737
747253
383388
1857130
100209
77516
100257
1922025
1896133
1463252
2381419
100069
77669
2236974
294596
444595
343686
80952
155243
3223910
375594
77664
121617
133358
798840
211036
705762
77996
462380
77625
495058
89037
121292
3652269
937896
1262202
1476128
78034
419522
77659
477543
99334
77553
339678
77595
545831
2151109
1518829
78072
1218654
145834
78161
110396
993429
321378
88796
78065
1495350
77810
167685
148316
88580
79786
1186882
1101008
299366
143255
421061
99613
102390
973474
1110422
77561
77608
2457376
101725
79162
372975
102494
830778
132482
368391
168295
395323
813696
556505
484723
238666
1542182
426742
195085
873657
101980
101362
297219
77556
326382
165601
2107184
314962
100305
79649
134292
88813
559672
436320
162027
180831
199493
137802
2322748
140399
77515
762092
426255
77421
121574
341631
102156
2177791
99723
1918042
916619
166207
157443
499952
317504
684980
436317
3552807
717375
1906995
357092
77686
102184
2496794
404003
78283
772376
99362
760116
7289909
1826886
318514
78083
77645
1196986
77498
88255
88584
121718
1047529
78449
631289
77590
126640
78053
99418
77872
77620
747201
318730
374356
2255501
127387
170428
77767
1515948
335299
299330
326062
99566
401755
130896
230909
122634
122209
194167
2203528
110447
370618
373630
1314296
5842054
1757279
1166271
480695
2059941
380182
77493
369172
842043
79519
381372
99325
88262
964051
102183
513187
77776
83513
782413
90738
146693
949238
426425
77553
78331
1945221
879940
78686
1124026
735210
1169308
2284382
2587429
255089
1064462
128740
376640
101566
79536
175579
574725
221955
626740
1382945
104105
442025
150631
785664
1154050
103412
693235
289733
196920
133546
104196
1504827
156998
1289772
104053
843045
91946
104342
140878
136620
381781
383644
80087
693526
81739
379365
158643
150966
668054
79447
1201777
323070
252007
175406
103860
102195
358177
583281
79517
83070
239651
170357
79227
388164
380396
406535
94639172
1935699
1111095
104290
220817
1466239
78945
1660325
79281
103556
79150
79724
104786
1173463
79261
721223
1713798
1746678
411034
79854
79337
1226419
490561
79814
371863
129748
163426
787209
171131
745169
159650
387476
78679
79250
1025718
104395
79638
563794
2564268
79301
79381
1037282
988964
105101
129149
437980
1132612
79377
616929
101868
90433
114597
200834
103571
351651
79274
79059
872840
297909
90591
166017
629153
100182
134632
79697
1460940
103920
1945643
388717
78816
132327
501518
79558
102002
106420
444114
408305
108956
79590
80203
80009
82324
78326
345314
171536
80094
2513749
1409863
430948
410051
953082
137946
442201
79519
103630
415455
3508195
1028852
110745
77489
112698
159559
2228123
837043
86037
77846
125904
88540
596112
592788
177856
223454
390090
82050
99659
1095660
100596
386708
699915
77662
391458
1146123
193529
77928
2032722
1931143
88592
77546
718997
161493
78179
1463363
77449
91744
333777
298754
632713
77954
77578
1298600
77553
92923
121053
852677
133002
100620
77968
99311
137965
105342
313266
168007
175102
99229
101693
536960
77475
205612
614068
379804
103963
110049
367777
1081070
77724
77696
847388
357971
374127
101957
1176800
391533
897045
77591
317129
159697
77651
4477466
124736
101414
84903
991665
77483
77532
1030790
77521
1228318
110145
722053
355292
184224
101553
90326
318507
661757
166719
154640
131957
99911
128193
78362
2332375
77591
338242
79676
171324
730712
77720
2343783
318569
126878
1257718
124052
948979
101571
77584
381025
1126124
1651623
136869
1769325
77509
371788
777223
217454
1152616
4005896
77629
2458217
1886481
143688
100019
312392
709999
121520
1690751
77756
275619
357129
102288
100369
1079988
836091
155391
1719574
594702
257288
1601560
81642
316972
778668
343220
320980
132212
649833
4100355
103960
8731792
157604
155551
392531
92070
104504
572507
226589
298872
685864
927032
99529
111219
88693
5302742
2141777
2496011
320531
78043
114470
1281171
242474
178690
387772
4504168
3164585
2273013
78012
1253582
678297
1452035
99454
422056
1505399
77293
183147
99721
5402396
99541
301271
99651
104568
101381
176815
205967
77585
243320
160068
77726
87987
197094
309810
171568
696629
266675
129706
372499
88538
84806
372398
1145178
400460
247919
734208
3441621
153837
77552
89092
629192
156887
88648
99318
717069
126049
88487
77397
663762
875090
981636
127748
625740
392439
126810
173214
77626
77620
187878
706225
2116659
123626
168998
77577
875901
382280
299312
790285
78185
900552
78930
77704
1120695
411475
396164
520030
2746524
305003
77633
2473089
77447
1123463
101719
77449
77569
121746
2413753
331489
826518
2255187
110392
123960
78477
138363
1578861
3768750
77604
77831
92623
334218
506887
167512
77552
239370
77705
807115
77581
111316
216949
834306
99425
77805
1328827
689766
167529
393012
99577
77559
411781
383405
766715
77552
99727
759911
860152
371527
143860
412120
101601
397562
1911531
169681
99916
497102
216750
77873
2151692
237936
311058
80330
79445
101427
102397
364963
978882
394806
806495
400221
837933
77964
1068588
101989
368992
2114859
78141
154418
78375
77794
85951
146562
165400
99624
79857
1113501
626258
77507
101803
681575
377685
301421
2481540
134395
88249
796094
767455
143759
1142729
99542
99876
5220411
78432
159844
364644
345664
678233
156227
78167
200567
419527
2242938
82018
77643
172774
90857
78943
342484
2480645
298971
402881
79098
88448
389723
1416388
326096
301388
185477
432292
99667
762248
131924
380457
560810
313083
147039
77494
77941
780771
77927
103324
387028
162237
365478
137127
121381
89188
5858711
77894
127298
165890
419781
79282
90773
78570
2178597
373875
3622317
6375249
141657
2192666
656135
77841
1131527
77579
99613
399323
236801
444539
417286
88141
749208
121566
165504
365185
77856
77829
407458
1195953
78860
83627
370789
77681
189308
347415
123762
77582
81311
77862
99441
299676
372540
155014
99917
809387
156587
2766879
486319
1482391
1167034
78077
2880366
99806
108292
2274240
188196
77643
148094
817863
394158
129197
2427492
153769
124374
796818
77625
122199
432042
2274726
10150728
737310
1221110
560694
343145
2417322
586441
148980
1215554
102219
8497925
322972
437892
77557
77593
5246023
100351
318433
1247605
299118
77495
154894
365367
375540
894244
394988
753053
414395
77814
2568722
302990
77682
671020
77592
952566
1314078
4046983
800716
1056330
79570
149044
79835
187086
101142
510060
348645
143252
9457333
165946
77602
110302
100912
90495
1156631
327995
197518
397838
88608
192975
77524
1348098
146090
99336
77639
77622
99629
77621
3681087
234119
5474771
154772
380349
100584
517401
454050
175243
234030
99529
3567351
4038338
418136
413024
150195
151131
1179248
129402
996545
163706
88528
1230667
187587
2562965
77572
99577
143898
540492
88621
77765
101236
1832790
3808831
8492121
2334226
404437
152710
77621
100118
244520
854416
77666
1490479
312565
102179
381770
158975
134360
4968253
77631
336978
77612
99869
254535
121492
78281
283661
77587
157036
938670
626061
797472
248753
151246
271660
418665
400398
4466774
200078
321435
374216
296652
101677
369309
164680
304223
79082
77431
128936
4223497
101847
276245
1944153
104861
369087
451325
99303
2435152
359960
77833
680560
369071
100214
360037
702043
232919
2325269
3663696
698497
298599
986942
156670
393488
2173220
2791837
1036288
99615
77526
79698
382348
1894384
767615
506385
77541
299666
417305
165099
86928
78482
386336
1399309
1375189
376953
77595
77683
1542321
99516
103514
77976
143837
4653632
1412492
312377
820917
132966
78972
110213
89198
77535
100098
177400
114872
77574
99666
369493
89009
126723
301540
77569
77598
110105
77661
1689545
237279
408370
808472
820856
77729
88518
7857650
1132139
335375
1373953
77561
726423
156587
608924
2596858
99407
99948
77809
101433
812388
77759
787006
383599
88828
844989
998520
649771
1086408
78052
77648
810230
298808
844290
2449209
395665
77778
77625
450597
1607814
348316
1670744
127684
148373
2230648
776530
78557
79718
99319
2470860
157319
471188
375486
380180
154995
441038
159215
351379
156543
137485
353487
78089
1492442
369947
318510
77986
99862
77486
77792
1224865
394369
205036
177182
126516
389339
373483
77513
77519
317398
481206
480716
143838
342272
164812
100216
339839
4655633
100368
88928
99471
77556
315846
1044012
1721273
1087909
101645
407287
77720
2841483
1278676
1383603
288606
321311
148334
367095
77621
395823
77581
99438
605487
287737
625277
102124
99885
110421
127091
543505
99280
306239
993134
651365
77583
149170
418229
395056
232140
77617
77585
77569
135817
186943
102011
1451577
353523
320642
732489
819244
412223
383038
165239
77757
299957
77792
77782
545881
727938
645170
164090
757457
362792
199508
148065
1868148
85004
79949
160535
210977
318079
113494
1761887
3814059
99646
908351
89382
77991
111058
367905
77585
894499
169314
320900
78737
939667
88644
294844
394424
191238
193985
463185
165123
295611
776417
145795
110783
77731
180540
1185871
111713
786719
78502
166104
77649
99247
77752
447982
146916
319229
299328
591314
77622
172254
17913395
77650
1731974
422101
641706
858057
78209
88162
187509
342213
137420
31408935
106229
10852990
1259009
77543
242472
335145
77755
692563
2646797
2757245
138314
448974
299420
1459167
320713
515218
99756
77752
78327
399866
77558
79251
344454
321906
384758
131519
190476
866776
102309
863136
1284691
2091891
386533
100357
235166
77616
1338365
357650
852663
173872
348283
963712
679523
77710
78458
149298
786090
78689
631559
1841898
99326
377485
100344465
380166
298513
121310
77627
4762125
294327
1968799
148402
312464
533867
585875
1148248
78051
78004
897267
142859
876113
353823
1423090
80630
2655319
77963
99728
88678
1599138
3004406
197331
363266
100436
823977
316641
111921
77728
809352
154882
77634
937391
1221224
359787
154057
104726
985243
88538
77902
77568
300623
184332
78143
156516
157049
393708
371199
101995
102406
547430
77620
113717
1092537
77520
656515
425748
569548
392882
2462589
299249
155984
77695
77572
856700
190327
205701
121611
102947
77637
807548
91136
819251
121701
641456
77642
1259722
1361299
155982
128727
100551
427850
534825
137943
386895
99061
375629
307964
77949
3286136
88997
751753
77600
77529
767447
81460
547997
100396
313188
382524
132320
100077
77740
128026
102447
121288
449407
110210
3002099
360709
77675
154515
758851
145853
168120
2279702
77734
584817
102099
2074085
185732
77588
382419
77723
77605
77544
461392
154842
133180
77472
1116035
1214482
331793
130930
413341
752721
207695
78730
160394
419347
456588
787448
163365
77663
379369
187918
2296914
171154
103647
99572
100218
191961
525429
88397
145427
1441589
167691
102334
186049
591748
102707
111424
165793
99140
549535
79215
99524
804540
142916
328052
439195
99620
102158
77567
890088
77963
1049727
100308
785441
77692
1229155
77610
379142
685617
821846
1876329
78119
119893
78457
334158
77697
77837
77632
968914
480421
327343
90208
2423474
327832
378408
745207
122874
722128
88746
132520
1109660
77521
399296
322759
984249
390426
443880
841015
77561
77647
77367
383126
5782320
296740
77620
189483
281900
1461238
1252296
77993
5732139
156648
998115
301141
85403
1259783
119577
77119
1333928
445565
1237953
123317
4532728
165111
132678
1271444
425456
320339
718138
307043
384584
472254
3945869
412185
77703
77427
655761
110130
79079
502366
164992
1647656
78726
77569
703681
2045313
77804
145510
79357
383420
112767
78223
802220
102423
149524
425957
166204
165562
671598
142949
88510
77675
158664
518496
18889109
375020
110463
77550
77817
165564
611725
77664
77819
2308105
88655
361089
165805
77549
77643
1587929
105144
2183279
77559
363395
100167
77704
1125140
77593
77742
2065881
2856232
651663
138835
111705
382844
403539
772577
121811
777270
423319
571240
641804
673051
1994160
489503
360191
297224
814524
1362027
671271
110000
78058
121501
1135663
826204
334069
319363
77651
297253
322862
437456
299936
100481
406126
100357
100136
77823
1827665
103281
77511
126137
99689
212072
223040
151596
81542
235036
77549
396313
319999
400055
1227991
398885
676351
77670
2906797
1694217
2253957
696362
77543
101683
99682
435490
77370
168426
147558
84653
781757
77633
134009
77631
100092
77796
389877
880850
832220
157608
351147
1049750
79731
79510
1140285
79476
105128
2327541
780212
554844
77885
166164
378352
2401350
102613
295646
121949
645933
285649
456321
88835
1140860
102271
4020146
77612
166250
451836
836357
82761
116661
627471
384019
123571
1740244
77581
88347
90662
569659
449631
110910
2191758
79520
114944
77990
156064
144969
102263
99653
77702
79381
77572
938362
365364
396074
100165
100082
355818
77557
748781
88521
391549
5427907
337958
77696
457887
3677358
126767
77738
77782
179839
206965
425445
1094028
1755845
830117
332945
6138197
628381
168086
366631
4838968
375598
262116
77880
77607
175440
78217
172031
217711
392722
149198
908274
1687028
117262
310989
373365
363841
1502818
77590
770402
100277
2151423
103970
77804
100507
77781
488149
78023
166661
77869
3175463
77714
1770625
77702
366470
78014
347677
84353
597032
155253
121292
80003
121657
171857
79897
2317586
106269
77831
132312
2151132
88670
421022
148758
438721
157145
712503
1705554
295884
350033
321541
101929
77644
1114409
378237
191226
99918
99209
165255
110542
433470
356630
99529
456496
123649
77636
77473
110872
351553
104375
403554
458528
501868
431988
362161
77710
701557
77844
158902
1084965
404279
77745
77633
688721
153597
533653
569335
778624
77736
298445
77771
110520
463364
556794
78239
1320091
79020
1883354
77570
160005
4907719
1365363
3591620
88292
77399
316143
2422769
88321
2863804
466079
183351
410425
685114
77649
196451
143357
1036402
140273
160019
386647
2967088
1019184
126269
559154
79518
320351
153855
92311
363677
77964
330413
828919
942527
128123
77644
1023432
298866
899262
672025
857678
479186
79815
1670514
187757
100303
126604
94130
153654
296977
2068895
816569
412947
459744
165632
131919
101673
171664
358859
331665
88935
396804
77788
132159
316780
338478
183173
368263
77509
77495
1079471
372517
1746868
127475
153679
165816
155039
126423
198578
163683
354603
165941
427252
77563
588428
561438
482399
1212887
77441
794626
88412
88791
148262
165967
77617
77547
401526
193005
77677
199897
77888
188056
108358
298318
322539
1670479
99413
373292
127318
122227
166103
1531795
7102356
137812
77852
411751
402715
106171
165941
1393639
843537
157908
1474100
222065
669461
77581
453216
78000
77972
99973
313574
626247
77859
77619
123257
78792
99957
407590
1068543
125878
701519
145826
122374
1011283
160260
406613
424503
1164109
77638
366340
501260
700365
154634
1246192
77571
300820
77529
2576684
641373
297167
77695
138113
77497
77755
2970992
148825
165279
155080
161747
77758
3650547
1938675
3508258
102610
2455124
104074
99789
180731
77694
741210
785111
100224
102718
496404
77556
188272
170772
376266
77550
458907
355999
733752
100372
1306127
1589282
179623
969061
345715
99927
689480
77684
80073
1074330
77772
372706
1088747
148430
187716
77384
100075
13666339
77546
405093
148732
99398
102162
77568
2180664
3329398
339421
77738
77976
388369
371723
15366844
178055
465409
150165
138719
143038
102892
173772
192698
341428
145558
2817776
123505
1307470
1682935
77609
99666
187857
794733
139724
549337
79966
79161
471607
545804
4353343
1219858
78042
77757
326759
127261
133581
193463
1254788
110350
88447
750923
424091
100368
713082
368406
99130
77585
135291
77851
100161
573268
366894
422209
804906
77564
326793
77566
156871
155346
77856
387298
397474
309499
297103
449955
112083
445242
88903
77518
77654
803404
436571
1009347
640437
77708
100147
321272
77599
300238
384569
77618
77903
659121
88497
402319
770579
122070
164937
2701301
88444
77671
1230237
711278
77776
3246580
326903
1625662
745537
77901
370022
88550
99969
729120
110385
165274
77700
104399
469990
77530
100415
131998
450711
235195
198929
838707
155740
161099
456565
77727
350909
123845
77936
372874
110355
2147921
1425788
77605
137992
99642
77613
148901
372217
549347
81087
88352
216601
167246
77956
100347
78337
145169
993659
475266
427954
114126
77422
1209980
1400391
165343
88647
77743
154490
77768
78145
99129
165482
859628
78199
77471
77818
77612
77435
248598
656294
966210
79849
77816
100287
474124
991169
164976
5287258
370279
750549
344178
436492
826198
425378
88512
99852
1982304
2331524
362928
1227847
77484
597788
102093
88616
77726
184317
195460
77684
77517
188126
747803
404931
2137459
99675
538808
1628878
168506
78498
302737
5096554
326208
915984
201332
1504771
98315
79385
81626
80121
81985
175232
103539
334076
80185
1312354
823740
110183
158890
79752
355305
174359
104022
2521037
773548
103838
101737
77600
342661
5100269
88843
690064
168151
128296
79697
304739
186633
345842
657919
178581
77548
377722
99641
2197093
5655121
99322
77268
474955
77722
77583
419077
183001
1476826
287047
757810
1495084
1532265
367434
4904381
188178
99508
110716
88669
79256
871305
295402
151058
77672
100407
822886
128173
1854663
77776
1030591
394398
79168
325864
999659
77845
384077
79648
80088
112827
78787
1003781
88117
77619
77834
77623
415086
387480
96745
142380
79392
101729
197833
462131
77782
628444
77649
606112
77671
132051
528560
176128
77570
77511
452825
77906
79778
299610
365625
91521
80785
127908
352223
910709
79237
81110
99713
3750581
11794547
626060
3577620
77411
77780
801103
632376
77544
88896
102232
155025
145628
411696
77611
299287
210526
596345
1676387
764502
77576
77586
296582
471461
796594
4468000
2707142
102932
88535
318766
416112
184864
440709
78024
1017305
699883
77815
93383
188390
103433
303708
79360
759432
381904
77604
1998230
157184
721277
78352
77807
82362
77895
89654
85766
331034
78388
480619
325546
118263
451278
1144332
1043735
140227
370227
433655
113434
10195687
78284
129304
134636
105198
558992
166458
79030
587090
378198
2467829
77964
447348
675046
139889
77951
158374
79529
851687
2317788
372989
78524
78335
306138
1663568
79246
84174
377710
713083
100600
822481
100514
100904
78132
165197
105991
308022
112665
1647757
78440
373415
2772971
1999990
103095
3732442
979928
149096
351361
1124122
738405
1751440
401189
86868
1338843
104072
317891
102227
368270
210355
1148581
3448520
456791
174912
992799
1039279
765017
77990
763795
176946
132095
155525
98045
77976
1709893
4956513
367056
78260
753414
590759
78035
418205
424519
398742
862873
378274
87770
99693
1182311
89113
132246
77825
132447
211575
2090345
77836
856574
184836
235968
170670
462314
144069
139191
843332
80579
77877
1528345
199456
1385309
85276
100572
2681920
354930
124498
386958
587241
655685
935588
77572
1294928
705299
419965
535071
78349
444522
2817507
84638
328950
2146010
406216
1655084
1303081
86168
2125342
166318
166314
78081
869318
413771
319561
361803
376373
387087
406084
725986
110903
230881
201285
478190
78098
753038
126735
118428
845650
77576
104732
1673632
158080
154400
77643
1444640
77658
365952
165945
128949
2715682
165557
77692
455133
370098
77702
77618
126318
77584
181227
329279
126668
303589
620569
77836
662595
77677
138995
478352
2523641
99404
77435
779111
78923
425210
444968
200395
373061
4358921
88667
99744
102208
1881325
99762
100316
1058218
798889
701922
156798
165443
77912
298083
4824262
373321
100208
77581
79663
395896
1034290
142928
298125
77690
111090
77573
195349
476595
148629
101553
2088097
679286
77813
912455
3058856
2203463
102081
436944
77814
77572
593209
83202
77605
354822
379731
77726
79067
657513
110114
443694
100097
101880
79404
104227
382805
937448
77594
77440
101852
99538
136448
77595
175927
102170
1629054
329431
197991
5303495
100576
77553
519216
78731
100239
152027
187351
199101
77530
77430
77406
181197
110210
139343
651457
793145
777688
124086
300938
77517
330512
126890
77932
154132
443124
1104380
77537
409855
350216
456872
781041
1048737
204608
264287
785558
924100
565801
298598
498153
210090
1044487
113004
166212
77939
367989
415793
383931
77628
77502
77500
300047
77504
99153
1155082
92028
205540
82406
1279506
673568
77468
101541
77485
7717432
137822
77595
126398
137269
1018271
95571
2215938
556222
77514
1251146
951515
267233
77528
131054
77906
93270
188060
78660
1019330
77770
77466
99881
77540
132215
100449
401135
77606
77557
393534
77501
99751
627051
171237
99702
1408123
77626
77676
742636
5742648
4729689
589561
4623982
156128
4791745
91989
77923
311606
858077
78173
352904
1631470
99352
77572
370554
458206
468235
77553
77912
77544
417501
77809
78089
154759
165496
3519824
88473
2777997
77684
110561
1187315
437477
303535
187563
101995
450724
167178
766747
77659
1106511
128172
352159
150122
88605
164835
1436780
406999
1585233
353388
1407142
168022
88485
99298
309724
77821
3479562
128535
147663
579108
77734
143547
77851
78024
77561
4546009
77578
78107
77625
77492
110714
521703
378829
373268
77759
77537
452142
2048338
84469
108237
370956
170241
366281
77645
461968
394277
420144
298924
1971352
891665
77570
361604
89788
78259
99528
140842
423933
764475
709240
102347
144040
77588
969785
452214
77587
88732
297544
3162085
128285
169985
99428
214888
770971
2480854
326280
299563
153568
890832
226047
2435694
403123
258486
159169
102845
1923655
295347
165673
164711
169444
336625
77757
77875
143416
77601
205314
998395
440673
77867
1593321
387879
77634
77768
835944
222189
184182
77701
736865
524856
187363
2507388
77636
489515
662430
78592
2245146
219274
574033
488982
183814
1412773
115307
101987
376369
77612
88455
113620
277773
382686
382061
100440
985617
2287531
111003
838994
297491
948662
100039
77658
684930
104944
143279
429720
439218
77575
190928
944161
476613
77625
411699
77773
373025
323761
226724
804157
4706996
99508
99363
101675
100179
433601
165790
77592
103160
77498
246080
110052
305490
174733
674508
149839
3358377
466836
458973
100264
1045794
77724
79236
100347
77631
373442
102328
426270
319479
78427
919379
994875
1272567
77663
110532
655638
324480
101668
100222
405944
330163
671049
100301
77646
77491
414438
472237
100432
798652
1140931
124393
77838
149049
357121
192142
1893911
1582935
347835
1489454
88471
99488
1994688
377826
804008
360986
384806
79017
109140
433970
200074
118500
132366
77776
77756
77939
77508
156909
241649
100500
299155
340591
2074317
2647484
3375646
7268918
651916
715239
88933
88379
77591
114823
184382
4710279
380530
411271
77922
372989
376314
100230
111472
297050
155111
879383
397485
79873
1109001
192612
77565
358638
388304
1915776
6831721
659790
77665
102609
798309
438449
318814
374979
88849
513118
77718
997417
323574
110423
77350
77688
113650
597233
86324
1111060
78492
88548
4203337
154997
77964
564901
908655
127263
101977
282160
126991
77647
77534
179763
2201868
77885
132061
221602
145995
297569
322582
1767708
99779
111046
77521
100474
127014
756095
138272
89448
301259
1324852
79576
662368
337485
77506
2310320
190733
487209
2227661
100080
129080
157116
77577
4305124
77901
383494
169928
967539
1206538
384040
77644
77515
193239
139965
129427
1237437
77707
556538
627030
77562
1824222
110988
81681
100257
99635
393393
77885
77496
383294
157307
77564
165836
132487
1585796
146265
279720
146098
5916270
99874
104360
77600
223754
78027
77545
170295
638435
9713527
500843
77979
104169
99531
631820
158542
301669
144227
1007713
77810
697902
98954
142812
78343
400808
368773
139050
463111
180707
490943
383796
77897
5767252
1757781
77759
78029
77960
336873
320696
386956
77678
355674
77481
1010703
345262
153496
829511
868045
386432
77498
78627
210240
78121
1025578
198963
808279
135165
684472
334669
341959
687228
564760
423879
77947
443182
77581
100136
77878
1690146
480443
156830
2706620
835535
2183685
123389
478162
762706
2376979
264630
563077
77744
774817
78361
179660
77991
819252
77697
123874
158644
296760
79242
88562
1727043
100628
6998017
1115848
1089962
640916
1263002
937715
99709
77559
792488
829056
121676
431027
156517
351494
114025
99613
893922
403202
111139
959770
479204
187321
77530
99631
343164
113951
1621310
2236925
383875
99204
988940
100413
502901
762277
111091
2418316
311073
1487060
3593473
841080
77801
342948
77632
694037
294959
1294340
126618
441949
77704
110983
828676
103679
177715
1336646
648520
773553
216377
321862
788403
78315
102538
528885
77974
77576
77826
88910
616817
100967
77609
156396
383483
102140
367162
1184775
102419
276006
154397
864151
361857
1598530
77465
187350
250715
225337
335954
410237
100015
111473
1389888
428978
365289
79644
110737
2202311
99726
100557
935755
77767
77513
138155
5226195
4654199
156992
77615
870690
1338821
99655
813641
77640
1374639
143359
388254
99981
3523466
1933171
152553
305591
131136
1071769
146002
167212
416247
689193
486209
661046
1105950
77941
493197
5000610
861425
1422074
