55492
56024
70413
55619
55513
56062
56064
55730
56703
55545
55459
55583
56565
58979
56570
55608
59431
55529
55471
55589
55545
55578
55574
56258
56945
55514
55459
55536
55644
55633
56260
55407
55457
55693
55634
55408
55501
55769
55442
55453
55805
55687
58533
55568
55524
61334
56583
55539
55472
55437
55476
55666
55903
55559
55373
55371
55659
55569
55552
55505
64873
55782
55607
55459
55511
55585
55530
57432
55582
55591
55575
55336
55596
55646
55930
55644
55512
55720
55376
55589
55623
55504
55661
55808
55613
55475
55472
55437
55715
62716
55570
55294
55518
57691
55414
56132
55554
55694
55679
55530
55381
55504
56654
55553
57488
56452
62820
55464
55550
55482
55594
55880
55563
55538
56839
55492
55595
55870
55363
55542
55604
55322
55586
55589
55522
55552
55378
55541
55417
55559
57066
55538
55537
64813
55529
55627
56966
56577
56609
55875
55367
55568
55352
55362
55418
59592
70473
61925
73123
65703
55974
56447
58609
56125
55662
55993
55997
55689
55608
55591
55429
66772
55811
55553
55409
55573
55559
55635
56627
56589
55574
55396
55446
55628
55546
55632
56986
63030
55459
58732
56010
55683
55459
55629
64826
55506
55940
55656
55450
55775
55918
55759
59703
55492
55616
55819
55470
55528
56274
55377
55481
55532
55406
55630
55567
55587
55592
55427
55588
57861
55532
55595
55444
55609
55423
55451
55511
55997
55532
56305
57512
59088
55658
55721
55611
55434
55481
55485
56634
55487
55415
55519
55463
55602
55552
55496
55517
63765
55479
55567
55653
55510
55630
55552
55666
56448
56879
55578
56005
55420
55634
55388
55460
62873
55518
56821
60637
56069
55588
60132
55399
55690
55345
55515
55396
63368
55880
55811
60492
56159
55565
55400
59411
55618
55657
55946
55642
55460
55620
55750
55469
59113
55418
55525
55500
55534
55593
55697
55418
55621
56729
55558
57215
55515
55546
56905
74307
55556
55456
55438
55492
55514
55323
55548
56225
55444
55643
55631
55565
64834
55493
55736
55436
55571
55378
55542
59237
55534
55506
55379
55559
55363
55383
55746
55647
63218
60592
55442
56462
55413
55465
55451
55509
55519
57611
55071
55774
55471
55574
55622
55588
55456
55539
55642
55483
55500
73767
68994
56250
58061
56179
64066
63925
57342
55776
57665
56365
56551
55781
56694
57858
58410
55583
55560
55528
63405
56649
57751
62265
55561
56465
55471
55595
55522
55493
55650
55552
55432
55488
55417
55623
55545
55547
55589
57644
55573
55572
55528
55365
55471
55490
55891
55309
55574
55571
55427
55741
55588
55465
55832
55571
55506
55506
55535
55511
55844
55693
55508
55526
55792
55522
55552
55520
60011
55695
55513
55609
55549
55440
55605
55597
55963
55469
55456
56187
55575
55515
55868
57656
55486
55390
55521
55607
55455
55509
55407
55474
55621
55489
55475
55423
63192
56024
72258
55457
55546
55443
55470
55703
55610
55938
55560
56808
55647
55537
55378
55650
62470
56408
55407
55442
55554
56572
55375
55660
55643
55460
55407
55627
55708
55491
56461
55559
59923
55556
55532
55525
56290
55565
55541
55587
55544
55513
55415
57005
75154
55571
55471
55598
56019
55474
55699
55475
55618
55576
55602
55530
55576
56327
56288
55561
55832
55614
55641
55407
55635
55754
55560
56004
55770
55469
55612
55480
55503
55777
55518
55690
56151
55557
55424
55593
55507
55481
55494
55506
55344
55322
55593
55675
55706
55572
55836
55570
55425
55599
55573
55595
55470
56049
55582
55584
55664
55547
56043
55600
56265
64820
58369
55569
55555
55541
56607
55501
55432
55645
55668
55486
55777
55598
55534
55803
55636
55478
55605
55573
55496
55605
56060
55532
55601
56051
55435
55874
55436
55702
55716
55599
55446
56133
56015
55505
55764
55426
56853
55539
55459
55529
55626
56492
56370
55501
69220
55837
55418
55489
55516
55574
55221
55680
55562
55682
55446
55439
55386
55462
55615
55525
55549
55541
55507
55429
55583
59226
55431
55380
55515
55871
55746
58057
55202
55538
59051
55470
55575
55735
58830
55524
55626
55502
55920
55300
55509
55512
68117
55197
60311
56358
55385
55665
55770
55376
55527
56872
55655
55469
56705
55940
55476
55542
55655
55740
56158
55545
55500
56876
55515
55564
55829
55422
55644
58163
55465
63664
62885
55552
55466
55665
55256
55848
55544
55567
55504
55522
55443
55646
55549
55453
55563
64125
66388
55559
55734
55599
55494
55435
55488
55446
55570
55395
56200
55445
56941
56321
55482
62706
55578
55536
55409
56336
55483
57437
55701
59366
55558
55876
55507
62158
55630
55481
55337
55498
55471
55579
55624
55638
56342
55550
55564
55479
55442
55460
55585
55753
64691
55458
55587
55585
55429
55517
55469
55509
56006
55534
55519
55549
55505
55598
55570
70994
55581
55508
55513
56060
55437
55528
55694
55543
55691
55512
55578
56245
56186
55512
55581
55750
55498
55569
56310
55395
55606
55536
55521
55483
55566
57119
56209
56446
55442
61801
55602
55534
55507
58731
55422
55564
55519
55371
55548
55435
55542
55463
55515
55571
55574
55474
55463
55556
58679
55433
55624
55485
81994
61587
56146
56104
56401
55327
59615
55481
55496
55577
55472
55741
55630
55650
55425
61145
55528
55662
55715
55413
63132
83229
55476
55393
56142
55595
55621
55571
55483
55552
60121
55477
55380
55591
55428
93297
55694
57866
55572
55507
55583
55595
55400
55594
55732
55527
56682
55511
55617
55560
55960
55535
55678
55406
55541
56081
55496
55688
55430
56287
55495
55455
55380
55542
61607
55435
55536
55547
55760
55560
67765
64596
55458
55787
57687
55482
55567
55507
55695
55420
55436
55470
55413
56925
57822
55661
55394
69193
55661
55506
60951
55632
55484
80495
60878
55506
55576
55572
55453
55595
60447
55522
55730
56822
56781
56321
55549
64956
55991
55624
55481
55666
55626
55585
55733
55772
55413
56192
55604
56961
55537
55619
60349
55551
55512
55535
55524
55647
55392
55452
55599
55420
55611
60035
55411
55605
55567
55485
57178
55505
55563
55345
55367
55618
55624
55455
55463
55543
56257
55852
57047
55482
63388
55525
55646
55516
55723
55928
55558
55405
55366
55547
55460
55723
55506
55502
55533
55496
55930
55525
55454
57022
55517
55932
56009
55548
55497
55500
63831
55503
55354
55572
55444
55476
55591
55552
55542
55638
55629
55450
56903
56073
55537
56255
55627
55511
64596
55482
55679
55549
55450
55525
55573
55604
55644
55576
55472
55509
56196
55520
56520
55622
67938
56001
58200
60560
56999
56187
70737
56833
56733
62404
56502
56584
56249
55873
56564
56181
55697
56062
55558
65972
56129
56446
57687
55474
55480
55636
55368
55512
66236
55226
55656
55484
56821
55647
55496
55508
55445
56415
55595
55622
55513
56273
56180
55574
56100
60607
55412
55565
55480
55581
55420
55402
55485
62390
56768
62778
55521
60027
55482
55547
55602
55550
55402
55519
55445
64185
56705
55254
55720
55508
55426
55522
64652
55466
55509
55525
55485
55561
55540
55663
55581
56007
55481
55503
55622
55452
55660
55624
55380
55500
55592
55460
55363
56061
60187
57699
55669
55925
55390
55474
55499
55543
55551
55506
56825
55255
55596
55450
55580
55487
55408
55491
55472
55557
55459
56924
60304
55557
56390
55540
55380
55609
55577
55558
55504
55558
55478
55496
55566
55736
55619
59710
55431
60251
55487
55572
55492
55475
56442
55523
55560
55498
63004
55606
55371
55577
55667
56554
55507
55550
55480
55714
55464
55474
55481
57897
55507
55567
55514
55522
55523
59605
55510
55640
55443
58518
55486
55560
55596
55528
55575
55543
56547
55494
55508
55666
55617
55695
58188
55556
55567
55711
55387
55471
55874
55463
59674
55459
55427
55651
55591
55468
55576
58015
55496
55501
55553
55574
55403
55536
56238
55575
56714
55562
55616
63345
55885
55380
55542
55574
55521
55465
55525
55652
55415
55519
55513
55642
55462
55521
55444
55581
55526
55606
55757
55506
55504
55501
55731
55581
55925
55522
55612
55702
55602
55591
55621
55614
55636
55469
55530
55550
55451
55418
55440
55476
55491
55474
55479
55723
59320
55629
55570
55508
55514
55537
55498
55842
56907
55929
55464
58973
55518
55684
55512
55525
55574
55416
55790
55717
55590
55198
56769
58018
55840
55749
56740
55619
55403
55478
55517
55393
56148
56389
59217
55500
55510
55391
56307
55480
56154
56001
55585
55612
61860
55511
55544
55222
56581
55471
55546
55559
55554
55427
57853
55555
55564
55539
55748
69243
55850
55707
55494
55783
57763
55465
55534
55458
55423
56350
55441
55573
55540
73323
55616
55518
55553
55480
56059
55486
57141
55512
55465
55589
55543
56526
55547
55585
65127
55500
55499
55437
55620
56687
55567
55704
55736
55728
55489
55572
55521
58527
66672
55425
55607
60078
55530
55522
55419
55697
55501
55505
55799
56173
55504
55719
55411
55457
55570
55548
55387
55415
55558
56012
55511
55543
55485
57472
56010
55579
55463
55531
63722
56251
55453
55565
55616
55546
55633
55581
55594
59934
55512
55887
55637
55511
55508
56420
55455
55525
55575
55525
55593
55464
57742
55511
55555
59569
55646
55561
55439
55501
55139
55485
57089
55488
55550
55242
55523
55251
55788
55464
55480
55580
55912
58072
55553
60099
55527
57046
55536
55473
55572
55550
55532
55421
55584
55441
58166
55536
55483
56426
56954
55329
56427
55488
55572
56194
55679
55447
55667
63646
56191
55498
55595
55498
55657
55375
55585
55516
70097
55837
55624
55613
55613
55850
56006
55389
55521
56027
55823
55848
55599
55534
55481
55897
55688
55865
55683
55574
55544
55554
55703
55486
55570
55595
57922
55498
55624
55576
55509
55538
55568
55726
59580
55937
55536
57827
56162
61891
55426
56006
55480
55508
55613
60710
55868
55520
55459
55452
55938
55416
55571
55558
55598
62586
55895
56247
55626
55560
55553
55603
56236
55544
55702
55420
56999
55626
55833
55482
55585
55457
55533
55519
55638
55576
55387
55667
56956
58852
55797
55660
55644
55561
55479
55489
55506
55565
55587
57784
55621
55533
55621
55568
55531
55539
57429
55561
55324
63496
55386
55686
55405
56472
55590
55734
55546
55508
55630
55525
55464
60727
55572
58019
55675
55698
55590
55500
55488
55731
56079
55549
55672
59098
56104
55572
55386
56123
57753
55267
55448
55412
55251
55840
55426
55665
58142
55455
55433
55352
55620
55636
55561
56524
62681
55588
55479
55492
55538
55584
55528
56451
55744
55457
55488
55509
55545
55489
62353
55788
55536
55462
55561
55667
57670
55597
55565
59804
55633
55485
55498
55588
55569
57752
58854
55431
56500
55578
55508
55630
55420
56170
55732
55642
55581
55469
55571
56289
63856
55522
55561
55660
55432
55459
55523
55253
55416
55387
55509
57544
55580
55600
55538
55701
55725
55514
55545
55446
56227
55269
57309
55573
55873
55490
55543
55556
55509
59205
55445
55517
55697
55838
55600
55558
56971
55719
55698
55417
55559
55517
55668
55486
56188
55601
55637
55474
55429
55493
55525
55584
55765
55433
71188
65983
56153
56376
57121
56405
57828
57131
55681
56623
57423
56481
65824
65521
57709
56658
55756
56920
56665
56164
57931
56537
57570
56597
55679
55499
55505
55523
55478
55570
55564
55535
56752
55930
65900
55550
55329
55529
55368
62393
55414
55526
55568
56321
55419
55497
55769
55519
55605
56052
55329
55395
55544
55412
55377
55505
55616
60786
55474
55403
55316
56924
55482
77103
55552
55364
55768
55589
55610
55506
55569
56454
55734
57162
55507
55510
55621
57146
63912
55502
55642
55435
55513
57449
56039
55564
55565
55727
55552
55944
55505
59606
55490
55425
55444
55487
55574
55501
55533
55506
55574
56429
55898
55465
55559
55457
55805
55551
55486
55570
55585
55455
56034
55622
55620
55384
55592
55914
55503
55553
55658
55391
55222
55389
55700
55590
55612
55522
55512
55525
55470
55485
55492
55618
55437
55485
55456
55540
55570
55486
55564
55635
55532
55328
55733
55467
55900
55776
55557
55566
55419
55542
55414
55586
55586
55580
55459
55514
55538
55492
56443
55490
55700
55524
55551
59398
55726
62767
55535
55552
56111
55455
55469
55635
55527
55477
56214
55619
55584
55558
55733
57651
55871
55534
55488
55540
55406
55574
55420
56316
65754
55618
55374
55370
56889
55403
55705
56713
55486
55551
55567
56373
56086
56335
55530
55745
55605
55619
55662
55406
55512
77774
55388
55392
55434
56839
56211
55574
55595
55440
55496
55554
55940
55613
57288
55449
55515
55694
55534
55540
55639
55598
55636
56338
61206
56351
55749
56404
55535
60110
55718
55958
55437
55459
55486
55487
55374
55469
56175
55486
55424
55648
57598
55624
55538
55593
65773
55535
55770
55432
55803
55536
55624
55477
55613
55497
55557
55490
55542
55526
55567
57555
55921
55596
55410
55531
55481
55529
64572
55882
55556
55418
55518
55547
55487
55532
55546
55591
55491
56966
56867
55547
55411
55638
55517
56884
57495
55544
55509
55429
64401
55542
56086
55500
55573
55491
55628
55535
55552
55575
55422
62353
56377
56247
55450
55464
55482
56325
55597
56181
55458
55622
60787
56185
55613
55415
56070
56334
58787
55295
56660
58244
55543
57627
55242
55445
55481
59165
55517
55420
55456
55502
55579
55631
64191
55396
55619
55561
55705
55547
56268
55592
55537
55633
55409
55598
55592
55407
65147
55639
55524
55327
55468
55399
55636
55377
55955
56811
55492
55490
55566
55453
55742
55454
55548
55419
56588
55610
58600
56244
55423
55644
55508
55727
55497
55554
55627
55551
55335
62201
55497
55547
55524
55479
55542
55414
55545
55544
55589
55608
55733
55524
55497
55530
55658
55535
55891
55471
55496
55419
56942
61233
55526
56355
56398
55963
57164
56719
55470
55620
55561
55536
55544
55496
55567
55583
55470
55362
55581
55813
55506
55541
55608
59930
55525
56595
55418
55585
56244
56813
55635
55923
55428
55456
55473
55610
55469
55595
55388
55477
58566
55398
55608
55451
55424
55869
55877
55617
55471
55796
55567
55499
55580
55463
55665
55536
55421
55583
55562
55425
55552
55463
55484
55526
55543
55434
55483
55420
64622
55357
55470
55633
55597
55667
58106
55530
55588
55644
55539
55567
55491
55560
55484
55373
55675
55453
56066
55571
55418
55517
57162
55658
56291
55535
55320
55573
55492
69446
56156
55648
55492
55854
55706
55462
55494
55408
55573
55549
55587
55599
55502
55549
62745
55558
55934
55468
55390
55672
55634
55593
56249
57140
55430
55700
59120
55483
55401
55542
55407
55619
55382
55613
55449
55492
59673
55467
55731
55471
55536
56638
55574
55406
55566
55606
55530
55495
55505
55555
55563
55658
55616
56832
55473
55496
56761
55588
55420
59485
55643
55571
55469
55669
55611
56798
55923
55604
55547
55594
55522
55505
55791
55568
55480
55667
55431
55632
55566
55790
55660
55741
55422
55887
56207
55434
55506
55427
55587
55551
55757
55508
55541
58669
55500
55577
58849
55361
55601
55479
55541
55586
55581
64313
55454
55591
55449
55501
55581
55570
55435
55747
55622
55493
55650
55541
55478
55534
55578
55547
55491
55561
55515
55432
55490
55590
55490
55675
55409
55658
55488
55444
55636
55957
55539
55472
55405
55583
55632
55395
55617
55567
55575
55495
55821
55566
55458
69473
62187
55416
55514
55578
57413
55453
55522
55600
55668
55540
55539
55434
55483
57168
55428
55471
55642
55963
55527
55593
55529
64021
55527
55536
55426
55553
58445
81596
57212
55907
59077
72627
55735
76177
56978
58177
56540
55575
55487
55511
57705
55502
55381
61297
55515
55462
55626
56100
55506
57376
55527
55536
55406
56271
55575
55402
55546
55543
55488
55427
55541
55367
55548
55565
56333
55518
55456
55533
55539
55410
55551
55803
55544
55526
55549
55463
55921
56859
55912
55631
55500
55577
55601
56849
98486
55514
56767
56806
55931
56128
56459
57422
56510
56030
57942
56202
56079
56187
61746
57078
56911
56703
56283
56444
56392
55995
56783
60427
62465
56058
55846
58672
56984
56746
56839
56351
56208
57786
56074
55978
56361
56230
55966
56747
56379
56434
56522
56340
56749
56867
62452
56613
56789
57161
57055
59357
57248
56426
56490
56538
56354
57270
59306
58164
64460
56872
56426
57443
55896
56792
62146
55731
56361
56070
55964
55959
57037
56145
55558
56609
56694
56376
57141
56711
67902
57504
56844
56538
56808
56249
60953
56081
56055
66196
56096
56113
56289
56233
56337
58267
56265
56152
63893
56433
56244
57429
56423
56501
56489
56513
56151
56723
56410
57960
56405
56134
56360
58842
55811
56194
56207
56043
55897
56420
56301
56313
55917
56626
57269
55930
56414
56234
58451
56722
57228
57053
56474
65046
56107
56391
56479
56195
57229
56568
56284
56829
56655
56532
56450
56615
57437
56667
56446
58250
57498
56708
56975
56551
56725
56395
59846
56772
56216
59212
56438
56579
57372
56441
56719
56888
57038
57299
56973
58318
57695
56379
56917
56902
56337
56775
65749
56395
67404
56250
63707
56622
56384
56698
56460
61204
57180
55915
56229
58075
56328
56313
57101
56558
56647
56774
57551
56544
56714
59546
57736
56427
58137
56332
75607
56771
56413
56528
56110
56442
56370
56885
59427
67993
56867
56417
57463
57772
66543
68029
62198
61678
60367
63535
61475
62874
61836
61035
61045
69720
61159
60963
61781
62960
61317
61837
64079
63740
60709
62510
62084
61771
61721
60951
60888
62445
64411
60787
62025
61278
60973
61185
63786
61710
61730
64260
62830
64060
60713
72712
60985
61671
62306
60963
61861
60866
61983
62154
64487
62011
62411
62068
62618
57723
56645
56967
58651
61060
56813
57196
55905
56819
59607
56273
56631
56495
61407
57025
56968
56332
58284
57314
56573
56694
56475
60428
57104
56206
62073
56442
56226
65894
56745
56710
56860
58573
57543
56264
57304
58548
56203
55996
58041
56761
56142
56846
56419
56306
57002
57073
57854
57470
56531
56624
56569
56669
56352
68937
56564
56482
56616
55839
56208
57561
56814
56458
56210
56538
56486
56590
62984
57055
56647
76219
63780
59510
57048
56447
56971
56539
56899
56671
56552
55984
58006
64940
55814
56290
59840
59144
56297
56836
56673
64378
56374
57384
56481
69451
59974
64288
62431
59656
59021
60200
63423
67156
60837
87128
80399
58786
66499
65763
59520
59488
73922
65045
62676
64989
88443
58274
69531
59329
59701
60305
59960
59426
56569
57641
56605
56537
56246
56419
64525
56400
56484
56695
56063
89121
75697
59292
57000
56130
56553
56043
56381
56974
57417
56469
56768
56066
56175
56089
56236
56186
58386
56356
64016
56243
56292
56582
56531
56868
56376
56350
56284
56743
56342
56147
56124
56295
57740
56727
55983
57984
62095
58176
56006
55813
56302
56382
56030
56801
57115
56177
55980
56000
56408
56369
56051
56732
56413
56313
55999
56272
55843
56159
56155
55824
56464
56338
56488
56279
56276
57990
56752
56185
56225
55862
56150
56232
56715
58388
56034
74187
55946
56529
56476
56266
64402
56305
56258
56645
56565
58090
62140
59833
57614
55913
56785
55955
56273
56489
56245
57643
57490
58175
55945
56547
56578
61285
55936
56694
57720
66753
56371
60033
56015
56230
56510
56237
55912
55924
56407
55944
56134
55896
55845
57707
56043
55986
56727
61343
56037
56066
56598
56177
56457
56028
55739
63254
56150
56256
56177
56470
59039
59513
56833
57534
60709
59890
56364
56257
59731
56400
56325
56314
60375
56365
60101
74796
56636
56328
62322
68300
56863
56563
56145
56311
56512
56375
57186
56076
56243
56945
63611
56647
56301
56547
55991
56498
56096
56772
56138
56501
56412
57357
56302
56139
55982
55876
58529
56118
57422
55970
58047
55740
56155
55701
56112
60059
56177
56548
56303
57164
56264
80479
56905
57127
56989
58542
68394
58169
57175
57041
57642
57008
58047
64997
56533
56011
59913
55988
56346
55702
56110
56167
74958
55993
56294
56311
56566
55602
56546
58152
56230
56270
57693
56131
55776
56249
56179
57160
61806
55822
56249
60321
56905
56118
56557
56740
58593
56756
55938
56198
55820
56353
56048
55962
55764
55845
56559
56275
57230
56168
56311
56653
56411
56379
57329
58389
56776
57380
56080
56229
56854
56734
56361
57373
57689
56352
56831
56319
56174
56616
56443
56214
64490
56880
56608
55858
56159
61086
88286
57214
65376
64157
58176
55825
56190
56762
55837
56505
56135
60243
56318
56672
56338
56431
56624
56232
56859
56145
56517
56670
55945
57056
56349
57042
56696
55978
69704
58881
58429
57463
79835
58097
56455
56049
68157
61869
61188
56062
56743
57106
56146
56504
57245
56116
56133
57193
55717
56918
56717
66725
55995
57425
56634
56105
56165
55837
56276
56262
56120
56076
55959
56239
56256
56187
59245
56613
56102
57562
56448
56235
57514
56410
56190
56125
56125
56123
77134
65671
57121
63439
58109
57714
56527
56774
56481
56570
56007
56196
56392
56040
56082
56626
56305
56646
57488
57945
56593
83193
58656
60314
56063
65369
56901
56115
56457
68545
57073
60255
56665
57130
56184
56390
56727
59163
55965
56844
57033
56748
56098
56193
63060
56546
56242
57310
56544
56537
56540
56197
56404
57044
56397
57202
57930
56082
56220
56261
56128
63615
56274
56189
56155
57725
56377
56228
57058
56648
55955
57098
56608
56430
58507
56873
56389
64024
57134
56504
56358
56653
56233
56054
55776
55915
56265
55739
58347
56915
55996
56831
57936
56383
58514
56251
56255
58577
60249
57119
56882
59536
60009
57248
66967
56669
65986
55847
56389
56999
56520
56577
56469
63517
73447
70717
59851
56795
56107
66205
55732
56704
60059
61517
61365
72021
60889
66182
61791
74892
61248
61249
61595
62306
61949
61922
62057
61260
62214
64419
61262
61895
63141
62133
64664
62533
61786
62524
61672
62143
61490
61982
61290
61890
61987
63680
61458
62921
62695
61631
61279
62667
62102
62305
60503
57000
57723
57303
56315
64591
56173
57846
55867
56012
57625
55961
55624
56249
56003
55887
55953
55817
56045
56490
56420
57146
65306
57460
56752
56093
56241
56558
56310
56345
56657
56246
56373
56205
56376
56470
56302
56036
56604
56051
57358
56337
56073
56467
56258
56082
55859
56001
56126
66281
55645
56185
56111
56292
55945
56043
56799
55982
56617
56480
56277
56325
56301
56607
58513
56170
56345
57844
56244
56786
56079
56132
56091
56283
56162
55986
56884
56204
56161
56267
58735
56444
56036
56333
56321
56150
56356
56381
56542
56580
57760
56602
56315
63620
56206
56916
58444
56063
56700
56257
56421
56526
56577
56245
55866
56120
56327
56202
56451
57611
56835
56784
56601
56263
56712
56359
56654
56311
56569
56521
78051
73723
56292
56336
57054
56168
56702
56427
62539
58385
56694
56287
56658
58794
56513
57752
62719
58741
57556
57903
58389
57012
56814
56530
56124
65733
56909
56709
59767
56790
56401
57136
56566
56662
56286
56450
56559
56051
56575
56087
57305
64201
63323
61966
64084
58877
59803
59636
58974
56926
58879
58562
58308
57277
59388
58579
56888
58958
64114
56594
58008
59002
57219
58148
57387
56193
56568
59024
55765
56624
56718
56221
56682
56944
56670
57791
56439
56941
56210
56479
56048
56392
56200
60931
56387
56648
71495
57084
68373
59331
59490
57143
57419
59911
59060
59384
59110
60092
58987
58636
74644
59216
58059
59468
59164
58447
56434
57446
58968
57576
56752
58632
56956
63533
56748
56643
57915
57782
56339
58224
56303
56239
56450
70229
58499
55891
63035
57414
55808
73310
56920
59410
58754
58349
57514
57929
58775
57398
56394
56350
56478
80368
60774
68198
59057
56071
56353
56368
56960
60834
56959
56132
56780
56072
56350
56140
56613
56606
57071
56353
57057
56563
56127
56510
57503
56205
62489
56353
56732
55858
56640
56758
56015
56974
55974
56382
57659
56370
56571
56520
56883
56137
56444
56096
56072
60627
56779
56310
56840
56317
57829
56504
56440
56241
56554
56712
56041
55901
55884
57423
56040
57003
73721
57587
56734
59142
58739
56139
58741
59199
58883
56665
57510
58740
57347
56492
59260
65293
57043
56663
56276
56374
56438
57269
56444
56074
56656
56295
56115
61193
56423
56815
56900
56400
55957
56913
56410
56444
56879
56348
56030
56108
57198
56014
56324
56375
56417
56238
56247
57585
56408
57485
56268
56257
56235
56199
56107
56106
57688
56058
56265
56754
56104
56040
56219
56501
55865
61232
57108
61036
56619
74165
70828
66367
57226
56522
56191
70009
57398
57318
58133
57554
57691
58357
77461
57966
63404
57633
58187
57686
57908
57653
57406
57779
59380
57306
58108
58421
59165
58191
60227
58517
57666
58159
59580
57188
58538
57783
59754
58758
57915
58149
66557
57742
64790
58275
57673
57554
58398
63212
58283
59200
58273
58328
58088
57773
58734
58825
65490
59656
58152
58468
59205
60062
58513
58457
58527
57576
57221
57375
58301
63267
57300
58031
70250
56889
57047
57140
57368
57082
58223
66690
64604
57585
57600
57145
57597
60265
57820
57791
63885
57603
61360
56837
58126
57424
57321
61162
57466
58793
59277
57396
57156
57402
56844
59173
58652
58589
59860
57783
58596
57748
58270
60217
57291
55867
55687
57094
56196
55610
57198
56565
56375
56299
56940
56595
55951
58589
56637
81918
58598
57438
57366
57182
61243
56580
56117
56201
57147
56141
56093
56730
55945
62242
56884
56232
57200
56524
56534
57310
61962
56277
56154
56642
58664
77553
56354
57962
56330
62035
56163
62944
56603
56620
56208
56228
56365
56480
57476
56698
56507
56430
58027
56196
55753
56387
56565
56051
55698
55988
58717
56084
55973
56400
57927
56909
61340
56436
55972
55483
56771
60960
55451
56592
67489
55769
55734
55569
55848
56693
55897
55555
55597
56049
55564
66918
56224
56821
56465
55916
55508
56009
55981
56725
56609
64442
56134
56539
57868
56011
56311
56275
56957
56457
56785
58093
60081
58260
56445
62114
57466
56325
56502
56511
57573
59416
56976
56797
56378
56494
56396
57058
56572
56648
56085
58001
56405
57153
56539
56290
56118
56369
62283
56822
56417
56442
56962
57506
66897
58080
56979
56972
56986
57630
56738
57193
57372
58910
56557
57345
56548
59540
62597
56430
56489
56732
56392
56787
56171
56720
56531
56437
56260
56482
56824
56995
57566
56717
56165
57986
56951
56279
56682
56535
60617
56171
57975
56553
56177
58667
83968
56219
56836
56788
56510
56470
56874
56301
56708
56543
57262
57132
55880
56794
56377
56495
59209
56560
56385
65351
71569
56332
57049
56459
57043
55931
56783
57118
56714
56386
57174
61015
56548
56649
56260
56327
55999
55641
56364
56705
56513
56611
56511
57059
56214
66420
57331
56376
57123
56847
58482
56594
56839
56281
56504
56631
56206
56712
56811
57235
58484
57031
56571
57231
56157
56760
56613
56463
75299
63306
57952
57663
57965
59844
55710
60070
60286
56338
61710
57371
55899
55347
60827
56069
55586
62084
55989
57423
65886
58372
56064
56040
57487
56584
56277
57880
61614
56402
55770
56078
70257
62271
59136
56514
56622
60356
56718
57266
56969
56582
57207
60047
75854
72653
57418
57125
57263
56514
59745
57074
62160
56289
58766
59003
58614
57704
58810
58780
56736
59042
65321
61414
58010
56860
59411
58102
65628
58378
56967
56697
56425
56451
73893
60465
56556
56675
56690
56829
65751
57904
56397
56426
57144
56544
61916
60855
56803
56606
56590
57186
56623
56157
56463
56189
56658
56406
64320
56775
56820
56315
56631
56921
56335
61624
56528
57153
56329
56369
56693
64699
55998
56502
57439
56571
56690
56372
57311
56478
57466
56219
56503
57155
56275
56378
57742
56339
56448
57424
60795
56455
56479
56479
56300
56552
56873
56552
56256
57160
58051
56421
56517
56948
56337
56418
60397
56553
65403
57262
58971
56323
59550
57718
56301
56567
57270
56950
56268
56086
56082
64767
56372
57079
56329
57611
56732
56602
56193
56390
61350
56666
56553
57692
57469
58876
61371
58012
57314
56287
56532
55859
56193
55970
56163
56024
56150
56298
58812
57079
55704
60403
56513
56049
56672
56612
55989
55837
55831
56108
55560
56242
57179
56538
56232
55904
56316
55828
56466
56097
56020
55945
55605
57269
56155
56179
57000
56529
83106
55828
56129
58480
55632
56184
56307
55692
56547
56290
56996
56099
56100
56595
56348
56828
56709
67502
56215
56370
55427
55383
56334
62359
60358
56322
56642
55822
56552
56181
56406
56033
56087
56974
55626
58333
55899
55732
56160
56418
55512
56415
57781
55936
55972
56657
55887
56447
58007
56961
56076
55495
55550
55386
55431
59877
56177
56363
56286
55861
60119
56706
57720
56524
58273
57164
56886
56794
56429
56581
57188
56437
57202
65255
56508
56667
58549
56778
58156
56331
56604
57186
56239
56442
58027
59944
56203
56891
59016
56486
56872
56421
56933
56966
56367
56524
61357
57063
57853
57383
57394
56993
56892
58518
61330
56589
56113
56122
72129
78908
57819
60647
57288
57839
58129
57432
57650
61912
56633
57393
56558
57291
56005
56230
56386
56189
56399
55947
56589
57012
56084
57839
57235
56552
56669
56437
56176
55905
56294
57331
56267
56132
56342
56684
58371
59369
58584
58163
57961
56728
56670
63239
56211
56652
59540
56245
56928
56396
56712
70954
56298
56311
56668
58156
56423
56064
63133
56423
58159
57446
56923
56429
56863
56818
55792
56771
56532
57640
56435
56611
56687
56466
56346
56700
56819
56713
57024
56266
56226
56894
60860
56456
56846
60471
65222
56454
56223
56539
56343
56937
58348
56420
63302
57477
56578
56627
56006
58845
56292
56196
56417
56329
56910
58377
56380
58836
56788
56793
56803
56515
56573
57304
56326
61887
56278
57142
59063
56111
56300
56613
55855
56155
56535
61796
56930
56751
58729
62264
55552
56926
63119
58713
56464
56939
56305
64356
56614
56693
58786
56331
56938
55780
56490
56345
58657
56376
56356
56157
56246
56890
57432
56786
59382
56413
57304
56782
56991
56175
56208
57161
58512
56480
63754
56370
56531
56892
66327
56689
56419
56261
101969
56280
57729
56208
55868
56965
56641
56097
75006
56434
56207
55936
56494
56916
56798
57105
56257
57911
57090
56304
61427
56626
56280
56118
57095
56588
56252
55753
56003
56780
56099
56045
56476
59928
56282
56175
56807
56884
56254
65862
56535
56225
56176
57456
56913
57001
56008
56521
56334
55885
56807
57944
56291
57285
56512
56785
56374
57154
56295
56441
56845
56515
56289
56766
56258
56350
56508
56313
56489
56234
56206
55938
56410
56264
55800
56402
55775
56330
56127
55921
55899
56891
56934
65481
56063
55855
56200
56145
56395
55923
56756
57115
56266
56263
57480
57121
55950
56778
56244
55469
55989
56107
56074
55788
56856
56282
58652
56536
57629
56452
56452
57348
57691
56154
58851
56812
56741
55902
56424
56584
56668
56039
55855
56831
56261
57142
57273
63239
57369
56392
59002
56677
56969
62153
57270
56916
57030
56221
61675
58281
56737
56553
58369
56387
57900
55950
56232
57522
56363
57497
56178
56348
56711
75293
57155
56000
56260
56372
58041
56227
56507
58590
57411
56413
56991
55978
57428
56577
56232
57713
64177
56621
57287
56418
56619
73214
60764
58623
58380
64817
57588
56632
56898
56845
56493
56301
56794
68831
59157
56556
58863
56414
56502
56376
56558
60647
56294
59289
58811
58498
57130
59111
66271
58228
60633
58236
58859
62489
58203
59042
57409
64520
63244
59107
56621
57203
55662
55371
56060
59221
56340
56109
55971
62824
55636
66497
58092
58005
57457
59677
59346
57800
56663
56645
56453
56628
56127
56378
56488
57075
56226
55781
56075
55996
56186
55925
55522
64300
56175
56445
55880
56650
56018
56098
56380
62196
56207
55681
55448
56048
56028
57613
55953
55710
57666
56184
65502
56253
56504
55769
55989
56426
56229
55893
57354
56547
56196
56141
56065
56311
56390
57712
56246
56785
56403
56007
56088
59756
56109
62347
56122
56754
57415
56174
56333
56202
71555
56991
56403
56927
56940
56262
56321
59154
57454
57156
56590
56227
57578
57225
57469
57525
56986
56336
56016
56692
56444
56911
55642
56343
57443
56689
56259
57932
55739
56658
58738
56283
58262
56172
55620
57239
56246
56653
55951
56704
56351
56478
57350
56085
56146
56016
65066
56389
56924
56653
56324
56268
55920
56316
56254
56085
55919
63604
56718
56866
56106
61119
56429
56119
56591
56960
56297
57309
56355
56009
58631
59130
56587
56369
56071
56690
56208
56463
56614
56011
57434
56211
56132
56930
56585
56124
55752
56834
56127
56328
61888
55930
57034
57219
56129
56724
60344
56540
55819
55793
55680
56297
55641
58910
56272
56316
56654
57433
57031
57905
56379
57058
56679
55448
56402
56241
56081
56098
56086
56374
56513
55965
55929
56799
57110
56219
56065
56603
56172
56972
56128
56588
56790
58136
65148
56117
56480
57986
56343
57582
57883
56495
61185
56374
62371
73720
56347
57385
66737
56643
56115
56977
57147
57415
56751
56136
56270
56280
57786
55555
61020
56213
55976
55963
55643
56327
56251
56133
56617
56200
57325
58625
57286
57283
57608
57202
57303
62483
56144
56415
56310
56365
56255
55979
55935
55877
56077
64251
56484
56062
57684
55919
56490
56295
58258
56675
64750
55587
56113
57179
56029
56489
57333
56697
56092
57512
56460
56378
57492
56389
58786
56771
56489
56367
56951
56265
59018
56260
56991
57115
61130
57185
56553
56819
57205
56462
55951
57589
61545
56206
57162
56628
56680
56572
58193
57472
56510
56636
56800
56703
56609
61835
57748
57274
56641
56253
56884
56651
56710
55999
59263
57141
60210
57980
58541
57183
71459
59258
58384
56974
59435
57302
58036
64793
56908
56446
58129
57037
56548
56617
56479
56494
57651
63685
56824
56630
62376
56408
56848
56296
56178
56583
58931
56081
56334
56644
56533
61693
56446
68322
57987
56623
57011
59425
56422
56699
56770
56607
56628
55980
57903
57220
59554
57138
57230
57161
63632
56362
56521
56911
56575
56982
65682
56350
56413
95647
58619
65823
57585
57083
69329
65971
56629
56835
56394
61699
56673
56518
62908
56830
56163
57459
57162
56422
56612
57051
56218
56646
66567
56550
60432
56230
59003
56493
56952
57914
56627
57113
66100
56289
57092
56994
57674
56664
58122
56563
56276
57289
67877
56636
56659
56677
59047
56301
57363
56478
56255
56800
56906
56254
57168
59011
56531
57577
57539
56950
56743
56623
56989
57511
56592
56694
56035
57187
56625
56764
57850
56952
56795
56776
56561
56620
56563
55950
55619
55700
56955
56584
64401
56936
59036
74874
57680
66364
57423
61622
57339
56808
60496
56757
56538
56939
56857
56523
64670
57441
56389
57405
58184
56273
56503
57141
58084
57492
56070
56380
56273
61067
60213
56774
56395
75486
56907
56481
66278
58381
56373
56739
56102
56294
55999
56991
56126
62808
56841
56548
56541
56588
56664
56580
56962
57172
56541
56434
62938
56890
56513
57690
61184
60554
56596
56965
55633
56642
57082
56302
55863
57111
58232
56207
56225
56518
56447
56670
57424
56598
57389
65733
58953
56187
57285
57684
56129
56789
59939
56186
63185
57496
58361
58292
56785
56333
56847
56598
59565
57266
56536
56168
56788
56403
56832
57948
56804
59975
56945
56642
56715
56457
56705
56722
56758
57117
58003
58291
56590
56775
57104
57376
56969
56570
56468
57039
56336
56423
65499
56023
65231
56749
56197
60135
57435
57094
57595
56774
56799
56151
57369
57380
62586
59361
58614
58661
58103
59130
64507
57222
56263
78937
56928
56638
56508
57826
56367
56242
61056
56863
56569
56542
57862
56461
62403
58576
56148
70798
56703
56360
56695
57422
59584
57152
57526
56282
64087
56439
72205
57865
56107
56526
56777
56804
56685
56756
56497
56161
57006
57219
56582
56648
57044
56819
67720
57022
57034
56708
56315
56630
56546
56417
56971
56206
56388
57272
60501
57399
57831
58507
64490
58116
57299
56398
56709
59194
57838
57888
56438
67215
56491
56421
61316
58149
59318
56287
57534
57040
56603
57260
56959
56532
56646
78614
55484
56291
56116
55953
56198
56224
62245
56407
56541
56732
56783
61592
57061
56764
57523
56971
56834
57183
56693
61581
56260
56786
56696
56388
56600
57199
57159
57264
56642
56480
57394
56615
56608
56880
56488
57594
61179
58453
57330
58798
56165
56804
56850
56425
83015
56450
58668
57330
56874
58522
57548
56287
56411
60571
56485
56539
56875
56662
56324
56608
56285
55904
70340
56548
56749
56611
56234
56962
56463
56340
63782
57686
56188
57244
56463
57279
56800
58045
56922
57156
57264
56811
56670
56776
56925
56153
56861
56335
90395
57471
56859
57898
56511
56644
57640
56993
58093
56246
56701
56558
59436
56607
56501
56401
56797
70947
56279
56802
56309
56244
61695
55930
56740
59702
57033
56548
60631
56645
59602
60113
56910
56837
56386
71792
56625
56649
61564
58607
61319
57047
57229
57309
56302
56714
56484
56402
59048
57074
61259
57522
59281
58050
57362
57797
57571
56717
56450
71290
56721
56346
56653
58722
56611
56623
56507
62056
57756
57865
58515
56852
57545
56543
56926
57026
57326
56406
56931
58846
56854
57321
56494
56336
56849
58460
56305
56692
57428
65923
76941
55711
65628
56868
56782
57986
58989
55999
58337
62054
57449
56606
64389
56757
55283
61763
61647
58323
56651
58903
57881
56517
56284
56625
56277
58420
56449
56396
56542
55788
64428
69155
56981
61356
58470
57330
57054
56900
57003
56610
57922
56671
56077
57164
60015
55688
55493
55303
56367
56331
55514
56143
69795
55898
55583
63591
55761
56418
55748
55581
55607
55779
55600
61252
55633
55618
57121
55635
56104
56168
55501
56078
56047
55609
57580
56730
55548
55796
57102
55415
55653
55580
55743
55458
55746
56292
55564
55496
55554
55673
55550
55355
55460
55531
55602
55585
57912
55838
55534
64907
55661
55460
55548
55651
55606
55699
55691
61142
55536
55735
55536
55693
55509
64089
55554
55740
56320
55703
55788
55839
55565
55445
55621
55564
55516
57693
55374
55517
55586
55390
55609
55618
55468
55508
57336
55343
55666
55575
55689
55459
55580
55404
55473
55323
55411
55500
55668
56526
62581
55705
55475
65820
66171
55617
57371
55610
56327
60067
55661
56962
56981
55685
55584
56316
55452
56968
55423
55597
55499
55585
56176
56219
55511
55493
60533
56109
55438
55555
55763
55515
55593
55626
55596
55948
56201
55557
55610
62153
55716
55433
55539
56144
55542
55588
55549
61475
55596
56422
55776
55588
55576
55721
55721
55484
55471
55460
55586
55532
55829
55888
64382
55836
56027
59743
55600
55556
56281
55541
55343
55367
56869
59648
57757
55603
55592
57375
62299
55299
55388
55845
55305
60996
55585
55987
55828
55348
55649
55640
55830
56595
55651
55549
55622
55594
55618
55782
55521
55610
56287
55515
55546
55515
55501
56698
55521
55458
55579
55592
55505
55550
55431
55728
57138
57316
55666
55536
55466
56345
55503
56965
55728
55458
55724
55994
55624
55547
62504
55568
55522
55564
56205
55440
55967
55857
56637
56048
55740
55976
55491
55657
56196
55386
55599
55522
55866
55732
55519
55561
55571
56321
56069
55537
55386
55325
55670
55597
55562
57717
55574
55511
55919
55554
55713
55475
55568
55587
55491
55446
55484
55448
60435
55587
56453
55452
56102
56249
58157
56016
55462
56396
55557
55966
55631
55841
55676
55538
55491
55527
55703
55587
55522
71859
57858
60824
60451
71887
55622
55534
57267
55654
56206
57511
55621
55606
55750
55537
55658
57605
55743
55604
55585
55112
55215
63088
55467
55816
55492
57706
66528
55576
55784
57139
55561
55591
55587
55494
55470
57264
56061
55502
55520
55282
55560
55612
55488
70587
57015
55578
55529
55528
55635
55484
55696
56249
55554
55615
55618
55830
55506
55641
55572
56341
55825
56266
55629
55433
55619
64452
56969
55454
55628
55464
65559
57252
71880
57925
56254
55876
56716
56347
55540
55823
55517
56635
55675
55405
55598
55473
55415
56716
55616
55520
55414
56337
55531
55581
55583
55546
55414
55574
55474
60518
55539
57713
55365
61086
56136
55678
55780
56220
55571
64503
55511
55485
55538
55714
55501
55561
56349
55538
55768
55422
55680
55488
56376
55552
55543
55828
55749
55612
55598
55567
55337
55723
56271
55453
55633
55538
55526
55418
55377
55478
55457
55625
55624
55572
56139
55506
55530
55535
55460
56390
74679
55479
55482
55455
55656
55576
55504
56123
55607
55524
63878
55931
55733
57188
67173
55687
55996
55435
55602
55513
58309
57453
60778
55466
56346
55504
55503
56016
55519
55400
56802
55385
55943
55568
55582
55551
55422
55490
55402
55585
57295
58552
55502
55465
55608
55676
55424
55556
56243
55487
55563
55583
55553
55553
56403
55639
55518
55535
55504
55622
55447
55623
55457
55537
55577
55499
55573
55680
55495
57226
57038
55563
55527
55437
55426
55497
55494
55552
55525
55570
55593
55466
55514
55554
56332
55792
55532
56202
55737
55398
58746
57982
59836
55634
55692
55420
62916
55381
59600
76376
56074
58678
59317
57657
56587
63051
58453
55823
55590
55420
55863
56885
55697
55607
55640
55441
56325
55397
55627
55573
55983
55569
55574
56604
56037
55624
56435
57692
55670
56138
56810
56267
55456
56272
55515
55986
61525
58552
55632
55487
55512
64860
56168
55560
55532
56717
66476
55560
55687
56694
55519
55609
55552
56313
55525
57381
55633
55535
56803
55470
55653
57670
55599
55419
55516
55472
55671
55639
55405
61020
55684
55555
55658
55688
55510
56376
55489
55638
55547
55522
62132
55248
55480
56493
55642
65879
57095
55447
55982
55499
55539
55445
55800
55481
55623
55511
55630
56353
55545
55343
55574
55426
55534
55466
55585
55734
55519
56445
55493
55507
55491
55472
55489
55434
55839
55583
56466
55571
55504
55792
55587
55473
55621
59326
61213
55724
55684
55539
55565
57872
55659
55487
55566
55696
55553
55504
55304
55646
56750
56481
55551
55415
55540
55628
55411
55540
55576
55490
55648
55532
55615
55561
55536
55506
55559
55497
55491
55588
55450
55539
55555
55874
55338
55598
55512
55540
56054
55568
55565
55568
57696
55540
55467
55571
68142
56632
55998
55314
55951
55443
56069
55564
55665
55996
55647
55702
55426
55559
55446
55727
55616
55911
56028
55468
62579
55571
55542
55576
57466
74248
56292
64609
57583
56921
55742
57633
60217
56053
60296
57267
56636
55681
65154
59485
55586
65728
55586
62407
59024
55903
55973
58266
57287
55657
60812
55595
55570
55584
63857
62826
61679
61343
56097
55999
55780
55445
55488
55613
55573
55485
56161
55652
55474
55627
55387
55581
55559
58042
55441
55847
55764
55568
55900
55583
55412
55514
61615
56390
56725
55514
55628
60957
55516
56874
56409
55468
55511
55374
55596
55440
55556
55676
55593
55986
56990
55578
55696
55737
55502
55726
56123
55431
55611
55602
56366
55466
55563
55590
78953
56805
59706
56704
56515
56120
57435
58486
56467
56001
64599
62701
55497
55475
55525
55517
56019
55859
55595
55564
55585
55482
55492
55528
55479
55587
60068
55468
57634
55668
55463
55526
55578
55560
55691
55586
55591
56136
56698
55446
55508
55586
55508
55541
58633
55623
55723
58598
55517
55409
55393
55634
65651
55764
55611
55962
62925
55543
55428
56926
61337
55542
55482
55419
55492
55468
55511
55474
55519
55698
55587
55735
55574
55610
63987
55469
55530
55485
55579
55821
55704
55933
55517
56401
55423
55584
55425
55616
57692
56371
56591
55452
55494
55572
55523
55523
55841
55674
56082
55547
64808
55502
55528
55559
55434
55847
57645
55533
55516
55501
58297
55448
55623
55857
55669
55507
55454
55614
56374
55282
55480
55399
55506
55511
55844
55428
55664
55376
55382
55483
55518
56573
55382
82291
56305
60821
55685
55796
55629
55481
55503
56365
55499
55706
61068
55465
55797
55996
55493
55689
55524
55444
55770
55535
55594
55676
56561
55594
55507
55558
55804
62397
56594
56740
63848
56084
56355
55446
55406
55752
55656
56060
56954
55668
55594
55494
73257
70911
56597
56350
56124
56694
60061
57052
55688
55523
55550
55535
55538
55573
55553
55359
63896
56486
55850
68893
57360
57899
57454
56905
58306
55467
55544
55695
55498
55904
55933
58063
55499
55524
55498
59282
55639
67025
55625
55903
55636
55638
55832
76384
55696
69280
56522
56350
56534
56586
56552
56527
55695
55452
59964
55556
55535
55582
59378
55519
55566
67346
55553
62839
56473
56255
55791
60451
58481
55784
55588
55549
55559
55950
55629
55540
75936
56671
58812
66126
56582
58857
60997
58985
57422
57138
60755
55658
55494
55515
55518
55970
55430
55434
55522
55575
55820
74511
55408
59279
56701
63650
55820
57750
56324
55641
55579
55430
65844
55711
56416
69116
56379
56269
58563
57426
58457
57128
59526
57104
59841
57722
57119
56681
55659
57334
55717
56652
66173
55620
57538
55535
56385
56755
56871
57470
57453
56408
55953
56743
57526
55958
55626
57379
61023
55830
55520
55659
55601
57967
74926
56268
57687
56574
55931
64522
56670
57353
55665
55568
55645
55378
55363
55916
55514
73087
55617
56412
55638
55805
55684
55418
55635
55603
55654
55585
55331
55481
55587
55539
70482
75165
56414
62558
55974
58858
56765
57353
55616
55505
55541
55439
55808
55604
55711
55648
55557
69571
58849
56158
56311
55495
56817
64138
56133
57158
55437
55553
55541
55463
55579
55660
55536
55475
70478
75164
56804
56518
55474
56661
58804
57405
56267
55547
55451
55558
55575
64115
55447
55411
56014
55556
72517
56207
65722
57886
56083
56174
60371
59180
55662
55749
57066
55779
55811
55509
55468
55388
55738
55553
55511
57387
55475
55791
55809
66829
56137
56038
59260
58818
56250
56414
56407
55398
55911
55498
55610
55618
57656
55501
63051
55612
55397
62365
55596
55709
55474
55619
55446
69974
68293
56261
56058
55872
63146
59519
56774
56941
55515
55423
55539
56243
55625
55575
55435
55597
55541
71675
56537
56390
56860
56403
56938
56682
56888
55590
55576
55472
55484
73888
55572
56271
55657
64029
69909
56062
66211
58054
55913
56177
57858
57979
55736
55523
55548
55506
55706
56332
55536
55576
62767
119327
58654
57206
56990
56227
56046
57932
57376
57412
56029
57800
56818
56139
55476
55560
55460
55964
55389
55761
55770
71985
55729
62933
56457
56083
61529
56922
57071
56376
55371
57298
56722
55508
55511
55716
55495
55543
57300
62005
59883
56736
58312
55779
60021
56113
56395
55643
56275
55385
55589
55475
55471
56472
55326
55526
55592
67679
57567
56448
56517
55569
56699
58258
56827
55704
56300
55582
55650
62086
55599
62114
61199
55616
56563
55528
55448
55522
55586
55444
55777
70792
66434
56821
56388
55685
56566
56579
56861
57111
55576
55646
55510
55449
55502
55629
55623
55894
68232
61703
56277
56680
55560
64640
56575
56207
55719
55568
55637
55517
55731
55638
55329
55604
55450
63939
55644
56488
56581
55501
56487
75236
65998
56058
58644
55592
56568
57285
56267
55586
57580
56332
55670
55544
55539
55490
55590
55454
55611
73752
55434
55697
55639
59936
55468
55601
55634
55582
55893
55722
55702
55744
56065
55628
55599
55304
55907
67673
63169
56387
56553
55585
56785
57765
57278
55684
56196
55419
55595
55446
55558
55648
55494
56261
55678
58385
56356
55968
55594
55467
56063
55609
55548
56308
69888
55733
56759
57655
56457
55748
60197
57901
55708
55565
55480
55460
55505
55549
55584
61916
56128
55584
59453
55549
55318
55555
56252
56281
55398
55436
56658
55488
55883
55488
55510
70360
79431
56414
56346
55743
56407
59563
55984
55595
55506
55539
55635
55589
55554
55539
55418
55438
68492
55634
62792
56811
56136
55744
57877
56105
56118
56370
57389
59532
55575
65530
57455
55560
55811
55557
55911
55472
55370
55488
58343
55766
55483
56265
55489
55549
55732
55638
55483
67557
56433
58032
68977
63512
56412
56638
56376
55941
55473
55679
56394
55588
55473
56437
57668
55904
55630
55415
55447
55667
57624
55737
63489
55383
69727
55865
72402
58026
56625
56515
56184
64677
56641
59817
55531
55455
55486
55548
55500
56397
56553
55403
55591
55739
56642
55526
55926
55652
55703
55680
55520
55504
55474
55555
77530
70788
57308
56478
55519
65257
56422
56211
56915
60538
55606
62860
55650
64365
55559
55495
55460
55502
55574
55558
55637
55475
55537
55540
55596
56382
55545
56289
57532
55902
55744
73773
57193
57387
62664
58766
56459
56358
70074
55662
64293
56947
56694
56077
64216
57372
55450
55513
55521
55522
55575
55513
55592
55294
56549
65784
55517
55794
55375
55515
57037
55872
55518
56805
55411
55638
55643
55668
55595
55488
55547
55371
55657
56651
55472
55512
55532
55597
55498
55406
55596
55502
55574
55560
60633
55447
56565
55643
56769
55592
55422
55552
56384
55632
67646
55528
55508
55355
56364
61109
67476
55444
55493
55602
58600
55712
55396
55658
55540
55576
55598
55627
55686
56684
55701
60486
55474
55628
55994
55417
55522
56193
55607
55762
66010
55675
69233
56261
56322
56522
57640
57196
56959
57815
55913
56120
55638
55479
55460
56400
57252
55433
55544
55460
62631
55932
62119
56266
56229
55734
60609
59222
55809
55537
55607
55411
55420
55503
55666
55939
55453
55675
71886
64651
56241
56465
64593
56677
56329
56933
55617
55512
55556
55701
55430
58047
55746
55529
55749
55425
72356
55792
62298
56098
56077
56114
57734
70599
55503
55675
55932
55625
55564
55680
55518
55627
55642
55493
55587
55532
55466
55641
57192
55813
55514
56483
55515
55667
55456
56639
56461
56142
65409
64530
56373
55721
59527
57241
55788
55667
55370
56383
55634
55435
55650
55488
55578
55573
55405
64590
61524
57390
55569
55710
55425
55591
55487
56604
56187
86290
56733
55696
56047
55780
55586
57189
55478
55807
55455
55655
55553
55508
55573
56002
55434
55601
55321
56877
55474
55631
60323
55592
55423
55594
55521
62501
69793
59489
56389
64226
56673
56921
64887
56036
56127
55607
55484
55445
55564
55612
55564
55542
55714
55739
55431
55582
55626
55588
55666
55608
55619
55528
55556
55509
55523
56020
55596
55429
57059
56157
65678
56313
56315
56205
58810
56480
56599
55480
56758
56546
56224
56718
56713
57501
57699
56267
62851
62275
55602
55453
55768
55402
55623
55488
58416
55502
55476
55490
55519
55544
55580
55579
56158
55762
78489
56281
67144
56895
57190
56852
58382
57777
55486
55626
55628
55428
55581
55556
55712
56344
55583
55384
55559
55384
55526
55799
55502
73613
70702
56805
61311
55757
56966
59922
57818
55552
55571
56012
55602
55437
55514
55561
55477
55645
60054
65963
56524
56562
55713
56900
56680
58490
55997
55928
72222
57012
55944
56903
59049
56234
57784
55562
57192
56397
55647
55604
56220
67553
55716
64612
56585
56397
58051
70826
79154
55575
55577
55589
55866
55523
55606
55542
55479
55749
55536
55573
55549
55492
56986
75785
57411
69359
56262
56239
56365
56603
58128
55624
55643
55483
55552
55411
55510
55539
55572
79653
56724
64972
55794
55908
55935
55489
55623
55495
55477
55589
60543
55684
55530
56989
66805
56355
56327
60966
56853
56339
57044
55457
55565
55530
55533
55413
58282
55423
55448
55467
55436
55545
55567
55751
55336
55592
56497
55509
57598
59291
58971
55581
55445
55358
55713
56129
60487
67897
55525
60029
56574
60198
57089
66374
57203
55321
57338
55371
55613
56127
55493
55613
55217
55764
55389
55625
55469
58512
55929
55890
63061
57697
56851
55689
56573
56361
56559
55579
55414
55651
55482
60163
55630
55631
55646
55409
55466
55541
55639
55992
56670
56062
68904
71657
58866
77080
62746
55674
57276
58438
65276
56936
57037
55379
55769
55531
55414
56169
55482
59511
55457
55517
58738
55639
55458
55633
55755
64252
56751
59989
57496
61634
56306
57450
57735
56951
55655
55474
55431
55451
55681
57773
55619
55549
55492
55491
55634
64730
67875
56705
57675
56103
56807
56567
55842
55329
55272
55534
55617
55208
55432
55726
55656
57071
55704
55646
55648
56402
55571
55924
56854
55386
55680
55368
55637
55887
72184
55991
61563
59135
56736
56125
56531
58452
55445
56887
55360
55602
55916
56473
55416
56569
55497
67222
62752
55489
55426
55567
55876
59183
55637
55633
55929
55598
55029
56542
55479
55585
55848
55561
70907
57753
64108
56224
55890
56119
56738
57847
55655
55553
55507
58958
55664
55556
56522
56256
55626
56523
55603
55471
55432
55439
55786
55427
56466
55474
55748
74908
56130
55551
55490
68080
57343
56426
56419
56459
66846
57240
57936
56411
56507
57579
56506
56732
55869
57286
57366
56983
55702
55634
56147
55449
55542
55501
68550
56388
66434
56387
56251
56084
59619
59230
55411
55315
55487
55655
55349
55758
56305
55499
69155
55473
70963
67211
56591
56859
55833
58818
56237
56119
56646
58138
55734
58084
55686
56390
55400
55571
56443
55482
55704
55590
55546
55870
55751
55514
55532
55560
55612
55719
56708
55608
55477
57250
55642
55579
56411
55477
57645
55502
55592
55512
55624
59721
62665
55776
56385
55549
77324
57029
67950
69821
56737
61551
56451
57723
55685
55759
55649
55491
55476
55586
55450
55482
55525
58044
56046
55550
55558
55585
55506
55779
55460
55561
57281
55533
55478
55537
56700
55629
55537
55479
55455
55522
55444
55542
55524
55961
55591
55730
55715
55652
56200
55577
55714
55873
55875
56025
55626
56154
55616
55885
56216
55505
55594
55529
55535
55520
75363
70641
56769
56800
56527
56990
56543
56262
55624
55765
55481
55497
55416
55469
55509
55542
55460
55403
55351
55540
55514
55521
56522
62180
55914
55691
55603
55603
55564
56301
57942
55600
56636
55657
55486
55533
55517
55446
55576
55599
55508
55376
55573
55580
57592
55592
55863
55370
77007
72169
56605
56781
55974
57980
57721
57071
64211
56610
56341
55458
55423
55509
55528
55551
55598
55630
55282
55793
55409
55546
55425
55501
55519
55509
55626
55631
71391
57045
65751
59225
55962
56558
56840
58321
56043
55656
55563
55632
56857
57221
55465
55559
55654
55692
55664
56676
62753
55680
55807
56374
56115
55540
55541
55636
55611
56290
56047
55588
55428
64571
65554
56726
55369
55680
55631
61812
57544
56446
56856
55763
56966
59960
57013
55632
55778
55780
55527
55566
55550
55899
55672
55623
55787
55572
55603
56839
55680
55524
55477
55474
55437
55584
55512
55586
56753
56422
55586
55502
55578
70402
55463
57466
55578
63371
64858
58240
55760
55969
55874
65897
55659
61261
58642
56198
56603
56526
60364
55583
55667
58362
55602
59137
55581
55578
55491
55602
55581
57373
55429
55700
55531
55638
55235
55596
68948
55667
63730
62410
56035
56363
57262
57670
55496
55817
55564
56404
58747
61121
58700
56401
55455
55491
55548
55514
55617
55403
56383
57068
55708
55624
55531
55478
55614
57898
55584
55461
55567
55499
55615
55554
55502
55453
55524
55665
55517
56389
55447
55661
55620
55668
55690
55412
55406
55580
55568
55515
55558
55460
58258
55589
64043
55531
69645
56267
55466
55705
55453
55683
55541
55560
55509
55544
55759
55982
55453
55611
55652
55444
55536
56250
55408
56241
55684
56469
55755
56674
55073
55543
55503
55616
55473
57349
56040
55560
55735
55424
55560
55585
55599
55626
55458
55463
55540
56070
59085
55673
61728
55584
55559
55602
55535
55570
55539
55550
55590
55536
65156
56747
56077
56839
55475
55775
57063
55527
55481
56533
55608
55695
55572
55725
55572
55688
55584
55583
55544
55625
55556
55582
55466
55608
55552
55465
55561
55560
55587
56170
55400
55542
55883
55711
63405
55632
55598
55570
55510
55715
55529
55505
55518
58285
55432
55514
55407
55457
55550
59442
55898
55577
55952
55828
55533
55455
55466
55476
55445
55638
56545
55485
56503
56902
55486
56320
55860
55896
56341
55802
55847
55579
55656
55669
55495
55466
55519
55886
56522
55745
55662
55337
55524
55465
55529
57297
55652
55643
55502
55476
55703
55536
55504
56034
55571
55539
55646
55599
55573
55448
55404
55446
57267
56202
55458
56512
56126
55448
56128
57187
55425
56308
55601
55507
55586
55442
55501
55716
56300
55444
55991
66625
55665
63484
55581
56683
55542
55672
56257
55599
55770
55583
55671
55595
55739
55458
55430
56192
55458
55557
55483
54998
56399
58503
55601
55538
55683
76711
55579
55433
56401
55506
55481
55621
55544
55461
55581
74887
55673
56567
64247
56273
56544
56346
66618
56266
63756
57330
63124
56201
57173
58053
57648
56019
55880
56490
56441
55635
56705
59126
55717
55471
55734
55762
57248
55639
55277
55612
55506
55468
55589
55507
55561
55634
56874
55745
55573
55491
55538
55545
75749
55679
55814
56345
57311
55770
56579
56098
56634
55574
65547
57603
55581
55447
55582
55567
55657
55642
55473
55676
55648
55460
55533
58002
55581
55628
55511
55540
55634
56998
56138
56096
55540
55493
55463
57016
55373
55399
55492
61267
55782
55545
55535
55573
55582
56406
56262
55654
55513
55926
58705
55613
60745
56348
64399
55433
55631
55825
55476
56142
55736
55897
55591
55535
55556
67051
55811
57720
72266
56671
55654
56485
57443
55936
55570
55552
55756
56301
55585
55373
55645
57212
55517
55601
56026
55409
55511
55703
55395
55411
55517
55479
57940
75953
55701
64296
58561
55445
61748
55521
55642
56202
55447
56964
56083
56128
56953
55628
55469
55576
55394
55517
59805
55619
55547
55652
55556
55607
55583
55650
55554
55499
58054
55426
55651
55426
55822
55646
56093
56144
55487
56156
55507
56661
55820
55495
56308
55643
55590
62011
57015
55611
62024
55508
55644
55552
57071
55633
55512
56215
55417
74857
57068
58690
56526
56207
55701
57109
56664
55834
56512
55572
65209
55429
55454
55477
55672
55578
57860
57017
55526
55542
55432
55690
55782
55534
55459
55532
55756
55471
55475
55464
55594
56502
55450
55489
63089
55765
55565
55423
55652
55744
55425
55525
55531
56415
56620
56581
55541
55489
55662
56239
55632
55409
56437
55710
57216
55661
55627
55469
55760
55576
55597
55605
56225
55644
55603
55570
55482
55608
55476
55571
55507
55530
55689
55454
55605
65296
57025
55546
55634
61675
55581
55452
58658
55564
56443
55510
55428
55667
71782
57915
55427
56995
55521
55461
55519
55463
55574
55528
55549
55444
55658
55395
55527
55580
55706
55495
55542
55810
55586
56344
55466
55504
59149
56289
55352
55777
55650
55617
55378
66251
56030
55962
63985
55907
55900
55543
56388
55535
55564
55420
55630
55514
55468
55549
55532
55658
55391
55499
55435
55520
55462
55620
57727
55614
55481
55514
55407
55701
62862
55529
55540
55444
55732
55118
55494
55494
55537
55495
55944
55824
55520
55454
55398
63188
55458
55814
55634
63356
55615
55664
56258
55564
55705
57751
55468
55634
55623
55339
56194
57154
55515
63517
56904
55559
55672
66886
94123
61112
60437
60947
57057
55565
55560
56871
57143
55573
57337
55403
56223
55849
55508
55575
55606
56109
55573
55805
65014
55585
55558
55940
60053
55428
55622
55544
55496
55862
55703
55478
55632
55692
55467
55613
56500
55545
55610
55559
55543
58630
56494
55556
55592
59775
55480
55623
78643
57297
55529
55550
56282
55560
57535
55601
55538
55505
55458
55561
55532
55474
55465
55381
65438
56484
55526
62220
63893
55384
55580
55620
55451
55459
55636
55392
55609
56356
59266
55621
58958
55588
55568
55451
55401
55661
55593
57692
55494
55464
55571
55491
55525
55594
55555
55854
55645
55541
55771
55473
55467
55524
55579
55414
55510
56018
55569
55714
56557
55798
55389
56268
62587
55500
55401
55661
55489
55612
55833
55485
55635
55525
55533
55440
55564
55586
55572
55482
55454
55843
55539
55511
55423
55501
55292
55545
55445
55440
55642
55551
55385
62462
63937
55434
55582
56734
55982
55554
55585
56570
55753
55638
62836
55133
58988
56592
55496
63699
55510
56255
55552
55578
55394
55475
56590
55485
56021
56534
55568
55503
55790
55489
55555
55400
55993
55494
55502
55553
55458
55560
55440
55545
55643
55534
55657
55627
55549
60274
57274
56107
55500
55618
55607
55627
55624
74805
65681
55535
55471
55570
55426
62391
55680
55494
55910
55518
55516
55718
55494
55402
55490
55560
55717
55627
60273
55476
55516
55564
55633
55404
58153
55517
55534
55545
55390
55560
55560
55876
55487
57958
55544
55547
56455
57147
55697
55675
55307
55496
55421
55586
64188
55765
55424
56541
55570
62612
55563
55470
55414
55643
55628
56276
55532
55573
55373
55550
55535
56158
55579
55496
55627
55669
55560
55433
55514
55495
55557
55474
55410
55503
55642
55537
55585
55504
55462
55708
55573
55503
55526
55483
55534
55591
55602
55476
55528
56263
55446
55569
55690
55586
61810
55753
55663
55531
55552
55324
55557
55488
57358
55786
55560
55413
55512
55730
55719
55498
56028
55530
55537
55561
55690
55512
55488
56289
55650
55523
55446
57375
55531
57497
55451
55572
56403
55790
57700
55566
55413
55650
55486
62225
57600
55511
60259
57661
63873
61134
56656
55866
65204
55492
55536
55538
65237
56918
56224
55964
55488
55523
55564
55515
55646
55200
55414
55522
55553
55491
55619
55548
55565
55493
55500
62639
55559
55508
55700
56242
55474
55525
55486
55610
55415
55550
55661
61783
55963
57205
55895
55422
63406
55836
55553
55428
55564
55475
55584
55603
55393
55569
55532
55557
56513
55532
55274
55603
56339
55555
55728
56093
58155
55575
55629
55553
55555
59496
55553
55573
55959
56107
55440
56160
55699
55419
55663
55574
55615
55496
55538
56040
55582
55558
55597
55841
61407
55399
55641
55548
55612
55479
55339
55441
55477
55478
55513
55825
55604
60438
55513
55488
55435
56123
55512
55490
55508
55413
55414
55548
55470
55627
55525
57230
55599
55875
55478
55454
55511
55433
55534
55500
55607
55400
55845
63604
55606
55413
56143
57069
55601
55734
55930
58498
55548
55645
55471
55451
56403
57192
55426
55344
55593
55663
55544
55502
56034
55687
55563
55487
55835
55484
55578
57425
74986
55566
55854
55496
55857
55541
55520
55599
55433
55561
55465
55511
55589
55566
55545
61285
55512
55393
55585
71721
55545
55521
56816
55632
55576
55573
55412
56286
56203
55687
55537
55736
55663
55608
55405
55478
55461
55528
55608
55554
55503
57107
55710
55621
55483
55998
56235
55600
55469
55510
55731
55669
55767
55536
55600
55719
55641
55468
55665
60679
55567
55728
55495
55678
55798
59976
55545
55263
57924
55381
55572
55616
55683
55645
56257
57300
55509
55447
55438
55508
55555
56206
55538
55386
56463
55348
55614
55548
55650
55615
55564
55503
55588
55495
57151
55567
55563
56887
55597
55907
56003
55545
55543
62484
55518
55509
56124
55509
55492
64412
55724
55502
55646
55563
55595
55557
55668
55528
56654
55811
55632
56970
55496
55636
55497
55800
55567
56975
57094
55206
55606
55532
55485
55653
55550
55435
56856
55539
55453
56316
55571
55505
57248
55609
55485
55933
55530
66758
55700
55576
65231
55451
55504
64081
55514
55475
55531
55428
55481
55498
55438
55546
55348
55420
55580
55727
63512
55461
55581
55856
55573
55412
55466
55482
55544
56840
55506
55533
55349
55561
55355
55629
55974
55578
55628
55535
55511
55583
55529
56469
56360
61491
55973
57574
55858
55600
55289
55602
55654
57226
55387
55537
55455
55596
55788
67361
73216
56577
56562
55518
57860
58647
56257
55952
56560
56626
56631
55752
56470
58320
58944
57970
56351
57637
56822
56504
57510
56780
60259
56619
60318
57131
58395
59071
67131
56527
58250
56791
60342
56473
65798
55587
56919
60372
56273
57314
56768
56417
55591
56736
57985
56101
58425
55875
55546
55447
57974
56252
56273
56866
55510
56375
55548
58029
55514
55573
55581
55497
55474
55463
55537
55645
55879
55418
55529
55840
55899
57183
61305
55459
55641
55658
55550
55500
63290
55564
55462
55491
55433
55493
55576
55392
55497
73535
56036
56181
55402
55974
55333
55622
55689
55538
56346
55824
55512
55551
55522
55622
55717
55784
56405
55937
56004
55640
55465
55568
55423
55429
55483
55686
55447
55462
63208
55437
55501
55445
55530
55555
55408
62153
57837
55509
55465
55525
56146
55487
55462
55560
55488
56244
55636
55513
55434
55660
56125
55647
55600
55404
55565
56351
55503
56202
55711
55451
55552
55456
56325
55627
55596
55315
55617
55995
55608
55534
55509
55764
60480
55554
55458
55544
55827
56917
56561
64827
55527
55500
57315
55491
55535
56052
55586
57204
55870
56377
55387
55398
55520
55622
55572
58754
55438
55618
55320
55466
55552
55603
55908
55625
55478
55574
55592
55474
56622
56211
59838
55810
55563
55389
55413
55480
56123
55997
55602
55550
56189
55603
55532
64186
55622
