149077
149692
150289
149280
150110
148724
150915
151001
148639
150993
153094
149117
150779
150802
156803
155250
149720
149810
149532
149465
149866
149918
149544
149721
151728
150195
149857
148693
149146
149465
154350
155988
155375
159391
150317
149975
152477
151117
151465
150811
163255
151542
150398
149179
150703
150404
149424
150253
163122
149394
149272
149742
149338
149107
149185
150830
152482
153800
151053
149608
149377
149618
149150
148963
148989
148837
149848
152763
150584
149494
148968
157498
148641
148854
149288
148696
148873
147664
148819
148372
148764
149054
148850
148824
148440
151636
149126
148907
148715
155517
150913
148692
149236
148714
148840
149510
148968
148283
149433
149181
148881
149423
149334
148875
148920
149244
149066
148801
148960
149296
149107
149027
148887
149247
149132
148749
148684
149538
154356
154624
149469
149126
148533
148983
155852
149343
149494
148952
148672
148513
149047
148940
148843
148683
148737
149032
150424
148814
148848
148833
148928
149494
161344
150627
150558
150934
148890
153934
148925
148662
149331
148733
148994
148938
148810
155074
148576
160147
149019
151549
148901
149277
148729
148859
148865
148825
149313
148771
149359
150350
149043
148914
148852
149009
148753
149814
148894
149053
148799
149059
148770
148652
149090
148821
148745
148672
150213
148686
148887
148811
149362
148712
148655
148866
148763
148924
148889
148884
149893
149170
149244
149603
148708
149247
148535
148624
153376
152894
148781
148913
148835
149546
156898
149227
148689
163049
149056
148643
148119
149834
148680
148865
148917
148620
149065
156592
150850
148687
148390
158071
148900
148944
149028
148791
149059
149652
148567
148637
148775
148616
149414
149152
157963
148595
148995
148952
149187
149342
148538
148621
148685
148896
149011
151117
148530
149664
149257
148489
149087
148932
151255
149042
148174
148674
152073
155810
148931
148827
148458
149538
150298
150106
149809
151502
150627
148430
150306
149465
158526
149646
148718
148516
156673
153604
149725
149297
148928
148786
149951
148785
149067
148924
148719
158471
149142
162247
163958
150925
152473
148576
149082
149881
148780
148804
149147
161309
151191
150649
148660
149271
149132
148911
149557
148686
149144
148965
151261
149101
149264
153246
149007
150231
157380
149510
149816
149217
151164
148872
151500
149078
148982
148732
149490
149129
148950
148761
148816
149932
148914
149016
148589
149373
149031
149241
148991
148728
151692
150296
149011
149012
149298
149546
153781
149156
149576
149316
148720
149608
150852
149840
151339
148679
149042
149355
149292
148939
151556
148952
149085
157879
148997
149688
150433
148954
148950
149380
149230
149311
148965
148946
152320
151860
149410
149780
149469
149029
149440
158274
150991
148919
153503
149257
149745
149256
148372
149057
149048
149843
150198
155657
151623
148764
149597
148949
149462
148909
149016
149207
148970
149381
148834
150735
148871
148770
152356
160139
164431
149288
150512
151296
151058
150262
150267
149837
149718
154011
149478
149014
163472
148924
148963
153961
149726
150249
158200
150503
148804
152451
156533
156162
149225
160498
149652
149412
149159
150189
149370
149447
149868
150237
149318
149791
149224
149351
149140
150091
149540
149125
149305
149835
148548
152077
149040
149877
148819
149277
149425
149464
149757
149993
154584
149353
152213
150577
154601
149611
150191
151319
155109
151361
150522
150383
150918
149355
151047
150225
151017
150245
148875
151076
152831
157845
150294
150023
151295
148850
153198
150163
151066
151644
148453
148513
149771
152613
151007
150997
149464
149098
150233
149349
149846
148664
148657
149311
149090
149007
149064
149372
149319
149381
149344
154109
149900
151031
149272
149553
156553
150863
149486
149227
151515
149375
149649
150532
149392
149199
149621
152046
154495
150526
152032
151954
150335
150939
156925
150909
149696
150415
149307
150284
151468
148972
149918
150368
155702
157990
159682
150894
150378
149076
150883
159330
148778
152225
151485
149310
150214
149091
150978
148259
149434
150800
148724
153046
149996
158719
148891
150104
149098
149262
148960
149133
151962
149819
149821
156265
153651
150207
148972
149475
151223
150076
149988
151364
150278
151692
150518
150007
149972
150149
150405
151191
151539
149825
150402
148484
162826
156445
149728
150181
148720
151701
153893
158325
149174
149225
148579
149330
148490
149338
149386
150831
149282
149572
150253
149215
148754
148618
148996
149666
151160
148924
149265
148823
148946
148374
149331
148636
150059
149578
149207
157943
157049
149342
149407
149226
149050
149235
148920
159454
151106
149460
150008
150682
149475
150031
150512
149951
149192
150455
160956
149791
148804
150640
149045
149374
158006
150044
149424
149487
150328
154717
150696
157232
150225
148935
150326
150379
150102
148748
150207
150603
150832
150788
149454
151179
148937
154663
157666
148692
151539
156134
150522
151173
149175
149814
149842
150194
148912
150072
150317
150177
148322
149354
150526
150118
150133
153658
151499
153978
151142
150052
151928
149745
149713
152093
149805
151302
151040
149677
149840
152502
151242
148732
149193
150854
151099
149530
150151
150122
149572
149447
150039
149495
148250
157032
151103
150235
150588
150244
149597
149582
150038
161472
149029
149774
152013
150248
149359
150370
151404
150281
149796
150461
150009
151381
149627
157260
150209
149336
149436
149015
149433
151511
165375
150144
149973
149340
157572
150238
153675
150855
158004
150675
150231
150316
149782
150267
150208
150026
149989
150547
148674
150409
150986
150822
154840
151598
149456
149732
150754
150721
149620
150300
150630
159873
149346
151580
149723
149560
149508
151433
150612
148806
149070
151064
149371
149321
149646
150621
151660
149571
157175
149883
149353
149549
160955
162814
151072
151860
149982
149882
157511
151107
151182
149617
150293
149696
149063
148832
151830
149705
152856
154302
151317
149081
151710
149945
149991
150349
149397
149108
149717
151888
149544
150645
149420
149707
149092
151058
150661
149039
149040
149417
154471
149398
149739
149738
150109
149354
149403
151311
149132
149030
149350
150495
148870
149234
149818
150128
148842
165292
150289
149990
149062
149118
150513
148776
149963
149123
150827
152031
148908
150327
149011
160286
151681
149028
149581
149105
149668
150958
149062
149727
163419
150235
149298
152224
150176
149213
149135
148691
154242
150781
150246
150129
150089
149534
149290
152820
149249
148942
149632
148642
150226
149370
149632
149731
152708
149388
170506
150203
149649
149791
149659
151843
153243
150303
149822
149220
152398
157169
151025
154074
149693
150606
150356
149851
149406
149663
149401
149590
148614
149551
157109
149444
163912
158209
150729
150772
150106
150295
149313
149104
149535
149261
149414
153144
149629
150570
150039
149329
149080
149042
152277
150089
149569
150090
149351
149050
149478
148928
153689
154168
149419
150653
149706
149540
149888
151220
149489
150285
149115
149386
156878
149122
151461
149509
148438
148902
148657
148433
148808
148591
148624
148544
156803
148538
151837
152914
156396
149158
148487
148853
148433
149214
149763
149492
150618
148439
148663
149656
148583
148700
156883
148584
148639
148499
148799
148518
148413
148465
152449
149424
148858
148831
148567
149191
148443
148791
148576
148489
150548
148503
148527
148411
148453
148578
149828
148604
148470
148463
148776
148511
148547
148542
149257
148718
148874
148503
148552
150501
149141
149343
148487
149807
148529
148386
148757
149710
148416
148768
150345
148493
148442
148513
148736
156010
148510
148627
148844
148532
148552
148530
148527
148563
148606
149266
148508
148370
148799
148769
148468
148745
154386
162173
152516
151109
159445
150417
148933
148542
148602
148551
149038
148490
148381
148484
148781
148313
148769
148592
153443
148432
148451
148620
149259
148405
148560
148523
148470
148506
149081
148469
148683
148443
149095
148422
148395
148461
149304
148638
148620
148462
148485
148516
148504
148491
149533
155097
148585
149987
148523
148394
148659
148547
148685
148680
148385
148593
148483
148439
148553
148409
148611
148578
172596
149111
148451
148899
148688
148557
148443
148574
148901
148730
148501
148573
148973
148482
148764
149440
148403
148958
159333
148396
147917
150507
148306
154102
148035
147938
149962
148585
149100
148089
148035
151723
148472
157467
148304
148159
148711
148740
154825
148088
148324
150803
157551
150248
149862
148664
152539
149505
151038
148521
153430
150932
153283
152914
150078
150746
155449
150229
159929
151931
149110
154043
151576
148971
147911
163090
155316
150154
155317
148558
152689
148819
151101
149185
148949
148350
148481
148038
154177
148383
159877
160474
148469
153806
150186
148731
157856
151930
148673
148337
148493
148420
148445
148657
148559
148656
151109
148575
150147
148527
148829
148363
148481
148542
148511
149263
148475
148552
148505
148489
148481
148651
148447
157224
148511
148644
149101
148714
148507
148529
148446
148576
148452
148727
148390
150593
152438
150904
150706
150683
150858
152999
150744
153578
155453
151902
151797
149432
150565
150558
153569
148451
148585
148519
148722
148491
148624
148552
152221
148523
148981
148532
148611
148610
148631
148554
148458
148971
148527
148589
149085
148513
148672
153743
159413
148873
152325
149141
150906
148539
148488
148432
149155
148712
148495
154390
148468
148526
148496
148715
148485
148517
148385
148640
152676
150031
149789
148567
148329
148372
148519
149916
148900
148525
148855
148700
148449
148448
148384
148467
148449
152131
148402
148467
148562
148732
148449
148509
148624
148629
148888
148399
148540
148823
149221
148480
148653
148708
148421
148550
150785
148622
148524
148442
148949
149313
148508
148512
148684
148626
148448
148471
149545
148777
148638
149238
148567
148408
148533
148567
148661
148569
148511
148901
148575
148753
148525
148464
148605
148534
148408
148644
148581
148541
148699
148437
148722
148492
148453
148391
148823
148693
149086
149096
148900
149131
148572
149188
148470
148503
148504
148547
148470
148459
148583
148605
148746
148442
148830
148515
148809
148816
148506
148483
148551
148461
148471
148437
148385
152971
148490
149168
148550
148698
148601
148617
148645
150371
154450
160765
159354
150360
150593
151283
150714
150753
150297
151929
150414
148843
149495
148415
148517
148441
149239
148716
148678
148559
148559
148621
148653
148575
148808
148500
148623
148580
148550
148648
148451
148577
148395
150962
160033
150555
151039
150078
151322
149377
151339
157551
149668
152562
149754
151841
150190
150048
148888
148361
148529
148474
155008
150093
149596
148632
148900
148444
148513
148389
148490
156734
148504
149151
149059
149119
148568
148713
149835
156436
155436
157891
148518
148290
148618
148502
148513
152162
148527
149754
148733
148643
151125
148606
148550
148742
148661
149500
148415
148452
148900
148570
148488
148626
148610
149079
155059
148625
148961
150080
148570
148423
148319
148504
148513
148984
148402
149084
148587
148533
149654
149500
148501
148442
155534
148534
148428
148615
148439
148479
148701
148483
157626
148530
149359
148985
148524
148433
148657
148697
148491
148499
148638
148328
148891
148537
148676
148509
148449
149420
148836
148381
148675
148664
148603
148406
148618
149304
148442
148395
149061
148465
148792
148521
148609
149349
148561
149076
155318
152794
159923
150975
149324
149242
149027
148480
148418
148501
149929
148479
149839
148400
148561
152112
149839
148804
148468
148652
148358
149392
148486
148550
148491
148581
150942
148569
148479
148715
148532
152638
148448
148428
149558
149519
148490
148330
148670
148611
148598
155320
148419
148522
150583
155094
150136
150090
148572
148429
148551
148531
153909
148803
148541
148413
148434
148687
148577
148481
148509
148406
148753
148589
148397
148407
148452
148516
151535
156569
155276
148525
148405
148509
148569
148383
148478
148577
148465
149504
148857
148368
148531
148454
148613
148655
148591
148912
148496
148422
148774
148432
149752
148422
148617
148533
151080
148456
149716
148488
152072
148499
149851
148682
148925
148392
148440
149790
148572
148892
149589
148752
148750
149686
157574
148981
150036
148554
148500
148868
153216
148491
156902
149427
148449
148408
148581
148516
148533
150035
149050
148403
149081
148943
148720
152327
148278
148506
148479
148865
148403
148929
158479
150155
150122
148849
149507
148425
148555
153311
148577
148599
148495
149445
148602
148547
148425
149041
149147
148499
148458
148859
148388
148659
148647
148518
148566
156287
154716
148444
149146
148535
148405
148371
148963
148753
148422
148383
151878
149327
148476
148526
148376
148571
148750
148479
148525
160703
148579
148857
148569
148457
148785
148566
148442
148802
148462
149454
148622
148592
148791
148366
155899
149528
154693
148780
148460
148372
148402
148747
148457
148442
148377
148557
148571
148585
148471
148498
148594
149192
148374
150909
149419
148511
148486
149390
148558
149596
150532
148443
148569
148604
148783
154139
149018
148557
148546
148542
148697
148605
148464
148425
148478
148430
152676
148827
160376
148809
148403
148471
148601
148494
148466
148613
148891
153890
148594
148780
148596
148504
148506
148524
148888
148647
148511
148826
149215
148423
148546
148579
149434
148343
159075
148640
148395
148447
148460
148883
148604
154550
148596
148903
152460
148465
148435
149221
148365
148424
148515
148496
149313
148768
148438
148461
148544
148416
148447
159652
151263
151421
151468
155689
151052
148434
151413
148433
148428
148443
148820
148529
148518
148587
148447
148554
150392
148894
151183
148487
149044
149497
153285
153017
149020
148408
148906
148671
148645
148549
160452
150316
150808
150353
151120
149937
149649
149383
150905
149959
148407
149006
148996
148573
153696
150232
148653
148769
150114
148392
149529
148963
164114
150216
149859
149537
148382
148469
148388
148430
149642
148632
148852
148449
148816
156710
148658
148495
148600
149114
148553
148415
148394
148332
150911
148604
148508
148483
148975
148516
148847
152715
148523
148519
150195
148663
149238
148535
148313
148433
148846
148595
148492
148695
148642
148296
162722
166555
150683
151342
149989
151245
148452
149494
149249
148537
148444
148484
148665
148717
148658
148455
149096
148542
148644
148419
148559
148400
148362
148454
148440
148749
148621
149345
148553
150842
149478
148432
151279
148465
149464
148439
148583
148592
148527
148416
148399
148591
148327
152510
148860
148833
148606
148580
148630
148732
148445
148419
148441
148538
155180
148478
149069
148565
148562
148692
154404
148555
149002
148475
151375
150479
148471
148502
148550
148607
148573
154629
148537
148599
148390
148572
148441
148480
148884
148609
148353
149758
148357
148525
150675
148551
151351
148533
148503
148478
148566
148579
148489
148453
148515
148658
148825
148745
148699
149169
148406
148332
148369
148511
148405
148482
148469
148473
148513
148419
148433
148474
148530
148884
148787
148399
148554
148778
148499
148418
148505
148582
148921
148676
153897
148655
148550
148503
148360
148427
148530
149096
149527
148529
149009
148763
148429
148612
149241
149232
148355
148526
152072
149174
148941
148524
148501
148481
148699
148401
149176
148377
148755
148427
148513
148465
148490
148398
148551
157195
148769
148926
148451
148496
148564
148442
149809
153069
148660
149961
148571
148411
148400
148479
148950
148449
148506
148741
148443
148653
148603
148478
148503
148780
148598
149256
148654
155629
148603
148498
148492
148457
148522
148589
149391
150660
161941
151269
151266
152439
151010
150066
150131
155356
149693
148544
150439
148539
148608
148823
148578
148533
152921
148315
148506
150293
148824
149190
149455
155061
148411
148498
148455
148512
149794
158312
148391
148540
148600
148628
148686
148770
148611
151063
148689
149377
148957
148468
148592
149138
148664
153403
150280
148597
148485
148511
148484
148447
149004
148390
148504
148988
148570
150143
148462
148492
148471
148708
148451
148494
148391
148498
148590
148428
148571
148531
148536
148523
148680
148917
148482
158061
148636
148508
150335
148566
148745
148580
148586
148523
148517
149768
148598
148742
148434
148593
150118
149218
149926
148513
148501
148582
148699
148402
165114
151556
150171
149472
149192
148510
148647
151434
148379
148475
151541
148379
152665
148420
148541
148942
148437
148462
148491
148477
149721
148464
148647
152651
148524
148549
149249
148378
148460
148948
149934
149567
148425
148544
148682
148412
148550
149075
148376
149627
148704
153402
148513
148492
148501
148705
148434
153953
150803
148374
149648
148797
148825
148389
148789
148534
148529
148430
148423
148529
148707
148599
148597
148630
148665
148422
148401
148479
148629
148621
148444
148833
148491
148700
148490
148465
152255
148602
148572
148560
148597
148779
149197
148365
148586
149297
148825
148388
148442
148520
148715
148346
157777
148450
157811
148558
148496
148553
150535
154810
148473
148545
148578
148334
148408
148619
148672
148578
150779
149627
148488
148979
149155
148494
148642
148784
148523
148851
154382
149585
148502
149063
148436
148657
148498
148416
148526
150706
149002
154494
152646
148424
148519
148427
148912
148779
148516
148429
148627
148579
148686
148465
149501
148902
148581
148552
148542
148509
148418
148693
148476
148612
153780
148705
148464
148614
150147
148541
148704
152989
156623
151877
150181
150732
159786
148547
148713
148915
148427
148799
148433
148605
148722
148431
148437
148516
148824
148543
148487
148472
150736
148381
153229
148622
148604
148452
148437
149204
148716
148511
148585
148546
148578
148448
148351
148445
148485
148739
148553
149534
148492
148424
148924
148598
149760
158470
149118
149045
148474
148644
148543
148532
148619
151464
148557
149716
149842
149205
151942
148524
148428
148612
155223
148560
150658
148593
151917
149824
148481
148444
148462
148450
148360
148726
154286
148372
148380
148458
148572
148677
148558
148537
148655
149322
148676
148374
149167
148625
149394
148410
148663
148471
152918
148583
148444
148478
148444
148627
148560
148338
148820
148438
148480
148480
148592
148475
148769
148640
148586
148473
151477
148675
148577
150152
148673
148527
155335
148418
153543
148448
148381
148419
148486
148409
148713
148424
148493
151396
148520
148769
148437
148439
149091
148489
148592
148435
149494
148450
148359
148583
148496
148618
148396
149185
149712
155011
148405
148421
148514
149065
148606
151028
148605
149281
148468
148475
149661
148476
148751
148938
148399
151387
149162
148481
148700
148611
148402
148920
148529
149205
148503
155211
148385
148560
148569
154467
148653
148756
148430
148420
153269
148361
148447
148562
149733
148931
148311
148449
149359
148345
148966
148520
148508
148462
149138
148609
148518
148495
148540
148530
148516
149411
148718
148616
152584
148649
148443
148396
148423
148478
148356
148500
148822
148447
148463
148486
149086
149187
148879
149444
157024
149685
148451
148733
148653
148472
149449
148633
149250
148625
148567
148733
148466
159282
149371
148444
152867
148841
148586
148399
152231
148644
148777
148471
148460
148449
148491
148570
148576
148643
149280
148469
149771
148610
148418
156233
148928
148555
148423
149204
148572
152216
150068
148452
148520
148387
149141
148286
154756
148403
148830
148506
148770
150542
148417
149663
149592
148328
148415
148459
148524
148418
148480
148440
148437
152566
148649
148748
149000
148372
149031
148586
155273
148494
148668
148809
148607
148766
148445
149611
148512
148514
148563
157187
149824
148525
148927
149778
148603
148451
149381
148522
149151
149060
148610
149172
148475
150141
148619
148690
148416
148386
148482
148573
148683
148994
148589
148464
148588
148555
148606
148707
148468
148443
148517
149108
148531
148639
157210
148408
150085
148626
150750
148650
149412
148463
148438
148467
148479
148510
148739
148612
148457
148528
148635
148621
148491
148475
148772
148329
148853
148600
148406
148547
148392
148559
148843
148545
148441
161049
151615
150102
151291
156200
149483
148487
148493
148609
148552
148370
148540
148495
148529
148683
148690
148505
148665
148376
148530
148340
148562
155089
148462
149873
148440
148585
152377
149167
148596
148625
148443
148490
148481
148440
148349
148782
148454
148479
148831
151996
148577
149237
151609
148696
148521
148568
148524
148736
148429
148789
148608
148476
148500
148348
148449
148525
148949
148525
148466
148622
148883
148520
148453
148476
148490
148518
148558
149884
154114
148552
148702
148474
148506
149312
148825
148591
148667
148399
152658
149373
148444
149273
149665
148719
148594
148513
148543
148703
148514
148705
148806
148577
148492
148614
149030
153820
149552
158211
149276
149053
148554
148360
148035
148396
148352
162172
148688
148329
149055
148685
148617
148362
152053
156958
148803
152581
149096
148946
150693
149639
150139
150996
149748
150378
150246
166375
150271
150784
150825
149085
149666
149928
148522
150388
148501
148515
149290
148632
148816
148540
148711
149644
148857
149169
154394
149301
151349
158141
148674
149279
148399
148473
149390
151861
148478
149930
150609
148659
148518
148357
148410
152018
148665
148440
150023
148861
148565
148446
148365
148683
148353
148601
149155
148534
148517
148615
148545
148763
148650
148723
148661
148572
148707
148468
148425
154910
148497
148467
148444
148499
148620
148882
148415
148514
148441
148459
148520
148612
149057
148682
150012
148590
148542
148368
148429
149724
148458
152105
148543
148362
148458
148498
148518
148474
154933
148525
148482
155188
148590
148800
148982
148519
149195
148493
149593
148597
148596
149189
148567
148488
148890
148648
148416
150329
148644
155554
148852
148447
148476
148437
148529
157772
150073
155272
148476
152918
148499
149745
148620
148856
148426
148288
149005
148487
148884
148325
148586
148620
148461
161096
151744
153310
149981
149656
150428
148615
148437
154120
149117
148965
164205
148835
148497
148542
149017
148509
149360
148515
148534
148388
148367
148468
148408
148591
149134
148509
148592
148903
148367
148587
148555
148623
149274
148846
148950
148481
148556
148769
148501
148515
148659
152424
155451
148645
148486
149257
148532
148537
148565
148424
148617
148390
149287
149459
148405
148535
148618
148548
148561
153725
148350
148494
149738
148548
148479
148673
148471
148381
148437
148438
148430
148703
148508
148895
148443
156575
148603
148625
148523
148536
154090
148458
148406
148604
148512
148425
148474
148472
148372
148725
148805
148466
148580
148440
148381
149240
148406
152989
148596
148609
148664
149007
148457
148536
149920
148612
148588
148547
148585
148473
148389
148465
148617
148478
148680
148673
148513
148485
148644
148690
149888
149111
148667
148440
148980
148579
148359
148671
148643
148579
151778
148458
148354
148785
148591
149382
148392
148452
148678
148695
148586
149159
148495
148537
148400
148502
148452
167951
148554
149656
148790
148627
148449
148433
148456
148610
149044
148627
148899
148621
150994
148368
148505
148513
148450
155245
149951
148623
148713
148705
148783
148837
148410
148824
148560
148595
148378
148489
148508
148532
148460
148407
148374
148668
148608
158874
148713
148472
154889
148641
149245
151565
149385
148857
148662
150724
148758
149376
148508
148438
148753
148481
148479
148857
148509
148438
148589
148457
148490
149016
148549
148464
148509
148520
148514
149241
148641
148561
158050
148355
148793
148520
148510
148707
148469
148398
149492
148434
148404
150482
150514
148633
148534
148553
148685
151195
148607
148582
149000
148500
148917
148449
149301
148541
148409
148628
148435
148492
148535
148541
148593
148460
148490
148405
148308
149024
148559
148755
148572
148508
148646
150419
148556
148536
148480
151239
148613
148539
148290
148441
149260
148612
148655
149453
150694
148764
156889
148483
148458
148568
148508
148568
148408
148834
148451
148412
148416
148393
154204
150100
148975
148628
148493
149071
148467
149312
148609
149008
149331
148449
148537
148608
148505
148386
148594
148751
148538
148332
148921
148550
151775
151967
148551
148505
148402
148302
152376
148565
148413
148422
148460
148465
148840
156674
148522
151818
148497
148575
148464
148690
148669
149645
148837
148589
148981
153549
160443
161392
150819
150984
150338
157932
150803
149424
149852
149292
149941
148437
148424
149414
148490
148591
148826
148482
148558
148480
148733
148400
148584
148458
148851
148706
148420
148463
148536
149039
148559
148471
148363
148494
148819
148378
148545
150858
148590
148444
151029
148541
149017
148539
148552
149317
148697
148451
148641
148494
148439
148512
148418
150985
148465
150029
148545
150038
149191
148734
148633
149879
148431
148419
148697
148417
149361
148857
149335
148659
148299
148699
148557
150766
148600
149683
148629
153581
149053
148632
148554
149597
149575
148491
148430
148392
153338
148542
148512
148350
148340
149106
148531
154713
148773
148666
150243
151437
150097
152829
148178
148613
148633
148550
148354
148597
148829
148532
148428
148434
155937
149461
153525
149675
148897
148459
148584
148404
148397
148479
148428
148409
148689
148499
148517
148405
150219
150635
158157
160633
148542
148609
148460
148566
148312
148394
148596
148408
148592
148637
148456
148547
148519
148446
148775
156203
148778
149056
148512
148637
148627
148494
148452
149296
148951
148629
148505
148467
148406
149819
150131
149839
149165
148479
148699
148564
148567
148375
148725
148672
148424
148450
148420
148561
148591
148449
149295
148646
148411
148631
151112
148438
148868
148493
148737
148462
148555
149261
148954
148481
150103
148523
148550
148416
148510
148787
148520
148826
148632
148647
149807
148732
148305
148455
148827
148603
148881
148583
149324
150205
148862
148653
148412
148526
148373
148574
153339
148656
150977
148496
149581
149529
148503
148462
148516
148346
148459
148428
153231
148603
152709
148375
152332
148293
152734
151571
148323
148467
147866
148529
149746
148443
148502
148515
149410
148524
148455
159649
148382
148483
148512
150943
148617
148467
148425
148468
148493
148726
149145
148579
148978
148947
148599
148744
148703
148838
148456
148508
148498
148426
148769
148704
148540
149438
148566
148369
148437
148494
148446
148449
148387
149268
148495
152523
148441
148588
148608
148706
148683
148518
148384
148487
148702
148525
148649
148654
150404
148672
148660
149370
148509
148460
148809
148457
148407
153529
148865
159431
161105
150478
152103
149592
148486
148467
148432
148435
148851
148864
148572
148436
148621
148572
148681
148599
148503
148588
148498
150085
148597
150023
148512
149809
148520
148503
148492
148829
148599
149647
148508
152962
150246
148492
148452
153677
148412
148485
148504
148264
148493
148565
148447
148273
148470
154475
148127
148474
148386
148728
148720
148539
148463
148792
149100
151340
149695
148453
148411
148438
148523
148504
148387
148484
148469
149473
148794
156193
148593
151325
150675
151255
148680
151333
148543
148468
148502
148694
148534
148472
148623
149721
152917
148511
159616
148573
148858
152396
149775
148352
148438
148451
150270
148666
148796
148464
148686
151966
148568
148602
148565
148699
148823
148453
148416
148428
150639
148447
148393
148497
148437
149034
151646
148470
149560
148509
148498
148402
148501
149662
148388
148646
148560
148723
148722
148497
148671
148486
148573
148593
148444
148517
148586
149023
148558
148483
148607
149081
148470
148324
148598
148435
148672
148771
150611
148365
148377
149744
148342
148922
148670
149589
148339
148641
148558
148475
148447
149108
153886
148544
151583
148674
148404
148519
148962
148857
148478
148412
148489
148505
149310
148530
148809
164717
149854
148725
148586
149169
148411
149270
148918
149227
148639
148487
153770
148534
148405
152088
148655
148561
148496
148514
152741
148600
148653
148534
148374
148456
148642
151661
148455
149275
148436
148366
148794
148667
148449
148683
148557
165860
150422
150759
147959
151051
148441
149504
148608
148502
148375
152484
148429
148405
148770
148481
157644
148503
148669
148376
148537
147904
150891
149825
148647
149249
148630
148672
148591
148470
150450
148682
148579
149444
153125
148450
148668
148492
148895
148614
148454
148555
148644
148737
162144
150195
151284
151315
149761
154601
150095
154082
149213
149852
150016
148932
148570
148571
148444
148657
148588
161830
150908
151688
148171
153392
148625
152882
148855
155978
148545
148594
148397
148470
148626
148597
148599
148457
148533
148565
148440
148543
149081
150646
162032
150563
159984
150375
150698
149691
150140
149667
149565
151595
151498
150193
154336
149674
149855
149534
150328
149806
149995
156983
149135
148678
148468
148554
148606
148417
148426
148603
148573
148786
148721
148782
148542
148537
148940
148666
148515
155561
148572
151362
148386
149343
148341
148357
148433
148784
148678
148564
149705
148364
148518
148490
149590
148333
148454
149267
148771
148414
151982
148432
148520
149407
148507
148408
148451
148464
148700
149842
173350
150142
150730
150772
157418
151037
150088
148495
148454
149985
148376
148485
148489
149303
158386
148416
148429
148428
148498
148813
160324
167043
150255
149030
149728
148431
148542
148960
148544
148786
149238
148593
150214
160927
150337
148564
149685
148514
148333
154418
148583
148515
148592
158693
150201
150631
150643
150291
151540
148339
148385
148518
148573
148490
148603
148430
156764
148403
148235
148801
148614
148611
148179
148474
151026
150542
150234
152098
149003
149488
148431
148424
151397
149836
148778
148423
148539
148603
148492
148485
148436
148483
148402
148382
149345
148617
153721
148845
148430
148696
148392
151407
148424
148711
148532
148575
148470
148403
148402
148415
148906
148432
148419
148708
148507
151585
149291
148503
149703
155031
148520
148510
148695
149178
148433
152936
148307
148477
154885
148766
148641
148514
148591
148665
149718
148827
156575
149867
148416
148459
148710
148565
148805
148481
148497
148568
148438
148371
148340
148474
149504
148434
148473
148477
148428
148542
148387
149524
148444
148350
148513
148677
148457
148574
148411
148496
148457
157306
152569
148610
148453
157949
148373
148701
166717
162195
150225
148522
149991
148428
148712
148564
148618
149059
148381
148584
149827
148564
153267
156952
149653
148498
148627
148518
149106
150275
149343
148511
148639
148337
148375
149003
148503
148391
148445
148549
148884
156130
149116
148601
149241
148481
153569
149177
148467
149806
148372
148435
148558
148471
149614
148509
148503
148922
152098
148510
148730
153252
149021
148439
154548
149268
148441
148933
148446
148548
148640
149243
148513
148977
148587
149131
148770
152466
148670
148716
149578
148484
148600
148662
148844
148478
148500
148446
151288
148559
148403
148570
152054
148433
148581
148742
148568
148420
148510
148779
148511
148557
148545
148363
148748
159980
155259
150384
150541
152351
149914
157480
148766
148639
148517
148424
149332
148519
150008
148638
150812
148409
148599
149030
148973
148461
148381
148898
149185
148577
148646
148639
148576
148538
148415
148411
148497
148476
148556
148584
148572
148424
148425
148566
150345
148916
156655
150125
148468
148559
150670
159996
153200
148781
149513
148596
148512
148441
148557
148734
148509
148660
148697
148653
149275
148727
148459
148772
148509
148674
148451
148402
148453
148453
148427
148391
148495
148549
148660
148476
148761
159129
158149
148460
150244
148653
148741
149291
148608
148437
149623
148810
148501
148482
148364
149350
148739
148493
148387
157309
148853
149444
151165
148851
148528
151332
150685
148498
148548
148528
148436
148420
148512
148588
148426
148667
148758
148626
149838
148524
148667
148469
148612
148624
148852
152707
148480
148977
148502
149159
148463
148502
148555
148496
148392
148764
148977
148492
148482
148403
148443
148815
148682
148535
148918
148464
148541
148536
149543
149277
155539
149733
174618
151642
150645
150298
148123
148652
150718
148407
149615
148437
148864
148350
148924
149770
148425
148757
148432
148506
148465
148601
150978
149420
150343
150094
151022
152059
150607
151205
150240
150467
150276
150470
150534
153330
151789
158607
152179
151754
153347
149841
152623
151387
152303
150048
151559
150050
150154
150945
150405
160833
161357
152621
152600
152350
153026
152188
152286
152736
153586
152981
153247
151320
150718
149999
150598
151032
149992
150701
153823
150304
150386
150486
150360
150369
150418
149893
150138
150458
150064
150319
149813
150347
150094
151034
174944
153290
152389
154135
150862
151377
150564
150078
150213
155637
150838
150501
150501
150378
149924
150051
151533
150087
150447
149771
150600
150605
150264
154918
149962
150050
150234
150207
150315
150902
149951
150418
150345
150117
153534
150542
150348
149339
149347
149773
149984
151031
150398
150316
150158
152971
152441
150071
150151
150309
150400
150211
150102
150596
150158
155596
158595
152792
150383
150227
150510
150374
150443
150243
150364
150228
150399
150701
150385
150098
150691
150742
153043
151256
150733
150277
150094
150828
150636
160076
150603
149883
150170
150361
150232
150285
177248
159452
155347
161810
163828
161761
161259
154855
157754
153536
157883
154107
152842
151498
150395
150447
150971
155548
157740
152752
151469
151329
150345
150508
149965
150388
150899
151087
150712
154510
150333
153601
150812
150151
150327
150970
150093
150835
150754
150920
152031
150722
150449
149977
150276
150838
151640
150919
150790
150466
150961
153495
160093
150596
150628
150878
150786
150828
150795
151060
150663
150533
160310
152456
152291
152476
152727
153862
151963
151166
151193
150333
150626
163676
151920
150504
154418
150797
153375
150645
150659
151708
150311
150666
150707
151379
151010
151035
151012
151739
150830
150525
151074
150598
150156
150557
150827
150998
153771
150609
150879
150624
150664
150088
151187
150683
150262
150926
151744
151127
150394
150261
150770
150705
155580
150680
151543
150040
150256
150211
150134
150973
150624
150988
150576
150484
150593
150776
150388
152242
150344
150195
154664
150613
150741
151092
150751
151037
150356
150180
150155
150724
156817
150769
150533
150006
153095
150246
151590
150963
153193
152868
150937
151027
154675
150729
150902
151421
150369
156572
152274
150592
152917
150854
153075
154794
151656
150372
150435
151416
150569
151887
151233
151532
150389
150565
157988
150659
150338
150584
150769
151037
151323
152041
150878
151068
150934
151021
152327
153074
151697
154777
150550
150518
151953
152964
150846
150962
150540
154005
150808
152173
151282
157036
150568
158182
151062
151038
150880
156646
150633
149903
150524
149768
149968
149919
150991
151660
151595
150760
150338
150583
151300
151376
151371
150930
150609
150727
150491
150810
150283
150104
150974
150363
150661
151450
150672
150919
151003
150973
155095
150780
150638
150884
150779
151915
150694
150382
150033
150733
150559
150675
151209
150741
152956
150347
150675
151042
150494
152012
151172
150656
150915
157840
150355
150124
149312
151290
151037
152562
151170
150152
150105
150756
150256
150335
150275
150571
153248
151447
149925
161461
152870
150737
150008
150230
152986
150518
149769
150932
150125
150982
150601
150562
150696
149795
150563
150622
156275
150486
150216
150721
150668
151390
155047
150802
150543
150302
150057
150490
151064
152408
150976
150464
150110
151060
150226
149982
150589
151017
150830
151255
153009
153706
151083
150786
159212
155372
173241
153242
152714
153173
152726
152174
158561
151857
151591
151911
151581
158675
150694
151564
151658
150848
151246
150371
151208
151101
150334
150463
158717
150315
155134
150747
150332
150680
150860
150278
150606
150030
150365
163042
151454
157917
150985
150920
150729
150647
150458
152623
155508
154014
150259
150481
150999
150535
150902
150666
150674
150974
150290
151250
151340
149944
149684
150776
150234
150364
150637
151314
150489
150983
152753
152860
164618
151903
163428
153222
152451
152994
152611
151412
151166
150595
150675
150770
150882
150785
150890
150417
150259
150815
151168
151220
150910
151985
151767
151098
151692
162219
150058
149587
149945
150484
150397
150914
151140
151960
150500
150926
150901
150976
152229
149988
150371
150951
156421
151395
151347
150680
150901
150841
150829
150830
165692
150368
154812
150067
151338
150404
151015
152607
150187
149966
163853
149890
149952
151123
150835
150875
151191
150867
150525
149949
153062
150291
150251
151138
151164
154825
150792
157056
151011
150163
149858
150328
150397
150862
150158
150396
153434
149826
152718
150316
150329
149666
150102
152158
152333
150957
150863
150832
150703
150785
150507
152536
150527
150369
148414
150096
149815
148361
150041
149995
150304
150780
159602
149825
150179
151150
151262
151623
158326
150284
150015
150448
149993
150948
150387
150567
150286
150918
150777
158960
150922
150882
151001
150948
150713
164348
149832
150157
151302
150936
170316
153165
155456
156864
150325
149766
151499
150105
155284
150227
150027
150463
150327
150533
150238
150068
151091
150317
150218
150474
151291
150198
150499
150253
150024
149926
150571
150363
150535
150567
150445
150458
149701
149688
150149
152243
178511
151849
151417
153401
151818
155402
150129
149639
149755
150628
150340
149762
149676
149981
149671
150497
150762
150904
157082
148395
149815
149389
150194
149988
149815
150770
149658
150489
150142
150029
149658
148797
149065
149364
149893
155220
153272
150370
150997
150351
158484
150827
150241
150291
150406
150994
150841
150013
149916
149657
150001
150351
152638
151067
149619
149992
149697
150126
150641
151036
150075
150036
150360
150098
150364
151033
150910
150345
149890
150061
150477
150176
150253
150557
150275
150333
150092
150391
150769
150753
151003
150760
150650
150548
150778
150435
149774
150636
152329
151064
159665
150735
151314
150644
150323
154334
150874
150727
150586
154322
149766
150634
149682
150206
150463
150026
150325
150868
154155
150343
150470
150259
151085
150344
150593
150584
168851
150534
151132
150533
150439
150870
151112
150970
150713
151073
150528
150617
150506
151622
150651
152596
150401
150208
149907
150492
150236
150429
150501
151765
151190
150821
150837
151037
150895
150246
150504
150769
150690
150305
150212
150059
150534
151425
150096
150550
154203
155038
157691
149854
150735
151611
156369
150109
151377
150297
150207
150302
150683
150550
150678
151115
150679
152758
151297
150654
150996
150236
149881
161971
150376
150960
152574
150611
151296
151164
150687
150844
150514
150920
151051
151402
150721
150354
151844
151497
151420
166436
153398
158357
152077
151930
148734
150599
150075
149968
152248
151671
151589
150582
150997
149804
149994
150076
158894
150102
149896
150775
149423
150067
149363
150595
149577
150525
150252
150717
151039
155692
150555
150694
150385
150900
150555
149944
149932
151259
152972
153987
150012
151641
150276
149337
149912
150098
150701
149982
150265
150374
150003
149825
154659
152645
151853
150208
153745
150269
149909
149965
150277
150566
150773
150407
150261
150748
151554
150427
158241
150139
150363
150467
150022
159080
150047
149806
150039
150135
149024
149693
150536
149785
160206
149756
150158
154603
150373
151823
150378
150423
150844
152440
150125
151987
153526
152056
151907
159988
150476
150490
150458
151061
150172
150768
150327
150441
150550
150501
154024
150888
150848
150807
151389
152487
152808
150587
150710
150914
158508
150753
158734
150725
150498
151125
150905
150882
151209
150941
151266
151788
150209
150773
157017
150271
151260
150871
150418
156515
150195
150081
152639
169958
152837
153216
151492
151596
151038
151246
150718
160925
150225
150950
150497
151266
150246
150918
150416
150209
150758
150996
150658
151053
150578
150631
151237
150819
152484
151267
150654
151179
150794
151223
150632
151063
151029
150685
156958
151145
150696
153294
152470
155045
150455
150389
155451
150128
150645
150860
150507
150885
150466
150737
151548
150593
150739
150369
149950
150085
151959
151764
149363
150617
150515
150297
149260
151425
150653
157869
150381
150689
150909
149968
150594
150654
149950
150338
150728
150398
151897
151274
157772
152691
152168
158310
156412
150507
151179
150833
150699
150922
150591
150507
151003
151250
151182
155399
150489
150966
150749
150724
150835
151321
150325
154320
151066
151250
150717
151217
150657
150667
150737
150732
151383
151160
150766
149996
151413
151287
151876
150678
159900
150840
151077
150029
160823
150439
150707
151611
151126
151135
151363
150551
151805
157428
151018
150469
158665
149186
149979
150310
155601
150300
159614
154156
151093
154084
151223
151121
151633
151178
150830
150018
150460
159354
152161
150737
151549
151336
150645
150428
150917
150995
152150
150824
154989
150543
150229
153093
151421
151353
150708
151061
150871
150884
150916
151035
150429
150919
151059
151768
150898
151519
159942
151286
151446
151233
151104
151164
154139
150830
150243
151258
150651
150573
151053
150637
150279
150912
150902
154510
151012
150313
149981
150100
150395
153541
150035
150608
154644
149916
151541
152006
150977
155556
152507
150648
151861
151562
151718
153805
150976
156587
154618
149712
150516
148646
148554
148571
148826
148599
148297
148696
148568
148431
149181
148441
148581
148367
148459
148437
148720
148488
148553
148618
148540
148804
150815
151379
148484
148480
148443
152119
153256
148445
148681
148498
153099
148571
148598
149639
148968
148496
148395
148542
148597
148459
151278
152730
149658
153177
148412
148644
148428
148513
148762
148614
148464
148441
148613
148783
148403
148460
148420
148452
148537
148733
148849
148423
148696
148640
148882
148368
148539
152717
148458
148748
150069
152165
148719
148773
148351
148463
148473
152507
149089
148711
148584
148495
148496
150385
148348
148537
148686
149778
149002
149534
148410
148276
148581
148514
148533
149953
148461
148489
148677
148585
148463
148518
148502
148389
148511
148608
148470
148555
148519
148510
149610
148495
149105
148886
159894
148566
148503
148461
148689
148492
156030
148317
148736
148463
148434
148610
148450
148497
148996
148597
148664
148734
148499
148492
150428
148442
150217
153201
148566
148358
148525
148472
149215
148492
148525
151938
148646
148478
149114
148413
148505
148573
148543
148497
148493
148400
148630
148726
149831
152766
148556
150257
148364
148493
148564
149482
148449
155451
148445
148615
148611
148401
148370
148716
148507
148379
148557
154035
148546
148641
148534
149720
148514
151109
148408
148505
148449
148334
148564
148881
149663
148475
148714
148532
148614
148701
148534
148476
148499
148551
149013
154434
149334
148462
149380
160189
151249
148477
156206
148393
148539
148586
148366
148823
148375
148344
148592
148471
148793
148567
148466
149044
148438
148552
148596
152425
148938
148826
148655
148467
148513
156230
148451
148626
148606
149434
148744
151251
148631
149075
151607
148463
150897
153911
148424
148574
148324
148377
148667
148762
148663
150252
148953
148735
148441
148476
148547
158213
150573
150048
150879
150223
151213
149808
150721
149903
150286
148781
149994
149837
149750
148480
148468
149219
148493
148458
148330
148446
157506
148513
148790
148455
148826
150362
148378
148430
148697
148430
148785
148375
148797
148583
148479
148596
148599
148490
148787
149355
148529
148363
148510
148494
148990
148556
148494
148383
148931
148939
148584
148521
148486
148575
148528
154277
148555
149868
148636
148422
148413
148640
148349
149199
148496
148735
149605
148383
148502
150563
148600
148663
148982
152312
148420
148532
148525
148563
148502
148429
148389
148547
148557
149037
148443
149111
148822
148516
148413
155568
154776
148484
148545
148397
148586
148527
148715
148627
149284
148628
149190
149273
148611
151710
148405
148947
148481
173443
155276
150797
148606
150509
148475
148450
149238
151353
148377
150993
149394
152430
148524
149096
148498
148490
149085
148529
148530
148522
148440
148405
148419
153068
148425
148785
149235
149014
148490
148488
148525
148489
148421
148858
148785
155771
150067
148502
148591
148367
148574
150451
148529
148550
148444
151473
148598
148592
148422
148569
148472
148389
148496
153189
149489
148405
149668
148562
148538
148900
148556
148522
148640
148460
148441
148451
148482
148323
148690
148595
151017
148910
148606
148570
148593
148538
148409
148913
148549
148671
151213
148629
148430
148651
148523
148601
148494
148699
156942
148475
149416
148667
148419
148647
148536
149133
148244
148851
148492
148714
148516
148579
148587
148522
148491
152104
148753
148677
148676
148389
148357
148565
148389
148575
149244
155357
148551
148850
152535
148776
148413
148429
148477
148407
148747
148717
148497
148462
148514
149245
150517
148746
155036
148765
148517
149071
148444
148444
148578
148359
148633
148606
148811
148630
148428
148504
151322
148433
148629
148618
148816
148509
148417
148577
148497
148498
148681
151145
153683
149067
148646
153555
148621
148710
148556
149166
148926
148652
148436
152814
149795
148603
149050
148408
148414
159983
149259
148511
148422
148670
148607
148527
148530
148352
148433
151438
160652
149923
152083
153831
151281
151594
151468
156918
151180
148412
148499
149122
148428
148770
148604
152218
148810
148984
148450
150787
148736
148378
148508
148433
148818
148503
148544
148415
148425
148350
148717
148681
148969
149984
149167
148411
148541
148557
148633
148498
149800
148442
148391
149499
149576
148438
148574
148664
148979
148666
148491
158636
151472
150571
149505
148581
148396
149035
149290
150092
151339
152809
150398
148695
148421
148463
148473
148708
151078
148694
148518
148833
148600
148711
153138
148529
148531
153920
148508
148708
150040
148438
148450
148535
148560
148410
148718
148976
153886
148572
148506
148444
148428
148349
148402
148610
148834
148921
148597
153464
148631
148525
149197
148578
148559
148370
157030
148514
148353
148638
148380
148514
154241
148515
148508
148539
148580
148553
148385
148514
148602
149053
148500
148422
148549
148549
148554
148479
148622
148396
148748
148514
148430
151636
149326
150035
148662
149438
148542
148863
149389
148479
148539
149541
148530
148584
148622
148585
148975
148628
148496
148676
148479
148463
148780
148389
148769
148465
148591
160184
151002
150457
148429
149583
148455
148438
148698
148654
148718
148658
148472
148594
148424
148605
149237
148472
150965
148584
151218
157730
148891
148761
148426
149013
148615
148484
148485
148386
148479
150410
148534
149042
149186
148516
148578
148710
149051
148494
161886
155915
156504
151570
152429
150836
148718
149053
148651
148500
148284
148797
148481
148441
148656
151466
148489
148870
148447
150594
167022
149533
149185
149095
152583
148803
148639
148399
149116
148523
148476
152252
150128
148499
148883
148391
148475
150644
149256
148412
148480
148423
148507
149048
148429
148921
148830
148470
148421
148569
148674
148337
148683
151056
148397
148623
148602
151187
148563
148642
148382
148504
148519
148988
152192
153464
149469
152409
148600
148439
148395
148403
153404
149840
148568
148523
148580
148592
148424
148336
149156
156222
148420
148587
148632
148696
148495
148403
148413
148365
152754
148584
156461
148587
148959
148720
148497
148561
148834
148412
148477
148502
148563
148468
148418
148457
148386
158915
151282
150501
148732
149752
148554
148696
148495
148691
154456
148492
148686
148739
152883
149159
148761
148525
149539
169610
160293
150211
149942
152120
148479
148593
148626
156596
148371
148496
148359
148462
148512
148599
148409
148626
160902
148541
148948
148757
148505
151577
148439
149333
156499
148831
148428
148507
148565
148612
148557
148520
148413
148450
148590
148449
148607
148623
152175
148491
148362
148731
148759
151274
148534
148506
148334
148439
148471
148702
148556
149080
155740
151612
148503
148520
150503
148739
148612
148737
148590
148501
148793
148713
148432
148593
148426
148435
152942
148582
148627
148600
148509
148454
148744
148679
148493
148950
148601
148366
148665
148511
148565
154227
148381
148631
152769
152450
148569
148534
149786
148599
148485
148266
148536
156866
148467
148681
148686
148568
148444
149626
148560
148574
149347
149744
149330
148721
148371
148543
149617
148499
149429
148607
148469
148554
148396
148489
148406
148462
148467
148431
148656
148425
158934
148711
148729
148495
148436
148487
151365
149990
148646
149242
148543
148429
148809
148776
149962
148568
148483
148691
149294
148605
148754
148434
149911
157261
148884
148430
148477
148791
148580
149147
148459
148399
148527
156732
148997
152416
148436
148605
148462
148560
148489
153749
148585
148457
150172
148427
148552
148540
148460
162007
148960
152764
148505
148469
148508
148530
152746
148596
151663
148495
148524
148304
148534
149060
149587
148462
148414
148889
148538
148453
148577
148324
148482
148566
148449
150609
150274
148659
149185
148725
152972
148570
148753
148384
150061
148628
149573
148452
148711
151803
148214
148781
150919
148731
148486
148429
150374
148498
148519
148406
148448
148610
149937
148600
148762
150808
148514
148472
148605
148484
148422
150110
148487
148646
149743
148499
148485
148685
148497
148500
148444
148611
148603
148335
148499
148557
150077
148561
154755
148341
158938
151456
150144
150721
150604
150320
150210
148731
150429
148998
148560
148532
148455
148359
148879
148590
153370
148406
148568
148583
148666
148601
148472
148786
148652
148588
148619
148748
148450
148473
165687
149927
148563
155489
148843
149199
148574
148680
148505
151093
148387
148489
148752
148333
150816
148432
148681
148488
148556
148462
148455
148904
148531
148448
148936
148668
148476
151844
149085
148504
148519
148424
148709
148527
148664
148649
148983
148437
148879
148485
149265
148537
149900
148455
148366
148538
148363
152564
148607
148421
148699
148490
148488
150891
148514
149495
148868
149506
148471
148525
148400
148468
148396
148474
148425
148630
148667
148483
148551
149071
148339
148534
148781
148509
148583
148482
148326
149123
148659
149016
148373
148443
160119
150999
156419
148187
151549
148293
148612
148754
148518
159211
148442
149139
148510
148545
148616
152794
148565
148550
148429
153265
148855
148609
152174
148416
148547
148665
148716
148601
152868
150657
148491
148491
148410
152585
148540
148477
148550
148862
148407
148577
148667
148842
149133
148529
149025
148594
148531
148588
148432
148362
149865
148583
149427
149239
148853
149024
156731
150670
150417
148705
149596
148755
148470
148408
148414
148696
148680
148923
150046
148463
153509
148532
148450
148534
149414
150368
148555
148515
148504
148734
148461
148458
148607
148675
148533
150283
148493
148403
148553
149294
149943
148455
148760
148394
148373
148577
148450
148890
148457
148450
148419
148491
148510
149001
153188
148732
148667
148392
148455
152332
152539
151799
150598
148300
149548
148374
150996
148623
148663
148445
148355
148477
148394
151197
148460
148578
149012
148448
148395
148682
148444
148366
148676
148488
149416
148579
148479
148632
148659
148490
148561
151195
166589
163554
150119
148844
149546
148559
148472
148854
148657
148453
149263
148453
148590
150932
148738
154660
153200
148580
151279
148522
148441
148673
148903
148260
148462
148589
148427
148591
148509
148547
148417
148474
148954
148421
148505
156584
148941
148502
148448
149839
151409
148524
157053
148693
149067
151821
149091
150060
148377
148471
148481
148625
148247
157030
148385
148510
148641
148399
148456
148596
148580
148480
148625
148793
148544
148491
148469
151328
152428
150159
151061
150490
150074
150946
148785
150286
150846
153314
148446
148500
148576
148502
148345
148586
148462
148437
148587
149334
148453
148504
150330
148686
148549
148744
148502
149050
149061
148461
148450
148493
149718
148626
148511
148422
148642
148999
155806
148532
148511
148575
151570
148407
148820
148446
148574
148583
148485
148327
148363
148720
148460
148697
148675
148539
148859
149141
148476
148612
148532
148616
149155
148678
148470
149055
148555
148455
148508
148633
164857
149964
148453
157106
148510
148498
154661
151872
148740
149048
148705
150140
148586
148849
148905
148682
148527
148410
148632
148536
159486
148990
148732
150725
148905
149612
148831
151966
148353
148485
148976
150114
148497
148587
149822
148918
148548
148659
152511
148723
148549
149809
148647
149421
151655
148606
148726
148497
148783
148640
150946
148337
148608
148676
149158
148393
148580
148521
148904
148540
148408
148185
155366
151784
155079
148480
148518
148523
148598
148419
148361
148545
148482
148370
148455
148674
148627
148421
148569
155753
148645
148822
149170
148507
148440
148402
148498
149630
148752
149677
148556
148699
154813
148375
148530
148504
148557
149080
147894
148399
148562
148641
148575
148363
148576
148904
151128
161990
150105
154169
149542
148477
148662
149318
151843
148502
148861
148472
148571
148684
148512
150250
148464
149090
149618
148765
148529
149444
148373
148636
149939
149118
153627
148480
148366
148550
148665
148443
148407
148441
148452
148546
148512
148542
149530
148459
152809
148454
148612
148769
148956
149127
148568
149175
148313
150324
148333
148635
149332
148749
148568
151155
149536
149327
148636
148608
148327
148845
148384
148455
148483
148813
148419
148514
148502
148612
148571
148529
148434
148536
150432
161421
150823
150505
148608
149525
148456
148479
148567
148509
148863
148523
148589
148516
148469
148384
148490
148571
148458
148855
149530
148442
156352
148502
149031
148869
148436
148343
148490
148839
148512
148392
148386
150173
148436
148725
148378
148619
149316
154099
148544
148665
148424
149636
148558
148452
148549
148497
150012
157406
148771
148467
148685
148825
148632
149606
148487
153958
148614
148537
148435
148431
148610
148341
149447
151770
148568
148688
148900
148618
148689
148543
148505
148875
156616
149283
148862
150120
151198
148385
148437
148576
148496
148423
148381
148589
148545
156960
148693
148449
148468
148525
148823
148474
148482
148637
148922
148537
148351
157221
153248
148380
148793
148857
149482
148567
148569
154596
148642
168932
150700
150399
150379
148548
148813
148528
148976
148684
148440
148410
148348
148504
148479
148438
148460
148918
148491
148829
148388
148484
148629
148546
148424
148805
148584
148675
150307
149727
162502
152781
150555
148135
148573
148455
148818
148437
148561
148766
148578
148580
148453
148465
148597
148478
148538
148736
149173
148525
148440
148473
150111
148852
150723
148515
148472
148551
148493
148545
148729
148532
148447
148835
148429
148883
148444
157535
148457
149878
148475
157124
148486
148483
148409
148513
148575
148750
148619
148528
148502
148698
148463
148524
148432
148516
148694
148374
148400
148969
148631
148366
148401
149011
148448
148487
148419
148641
149109
165699
163439
150935
149026
148974
148604
148569
148712
149402
148462
148399
148572
148487
148531
148434
148594
148446
152561
148576
149350
157734
148405
152347
148551
148495
149169
148559
148530
148958
148590
148525
148430
148612
148440
148554
148511
148394
148875
148452
148410
148531
148576
148565
148370
149074
148766
149048
148709
148806
148547
148478
148501
148601
148451
151487
148525
150175
148574
149067
148532
148914
148115
148350
148544
148291
148773
148395
148442
148442
148617
148849
148672
148600
148488
148484
156308
154374
148599
148641
148644
148559
148497
149329
148370
148493
148667
148467
148554
148394
148603
148423
148480
148353
148652
148624
149245
148442
149346
148406
148574
150098
148592
148438
149466
149296
148633
148557
148389
148619
149428
148466
149838
148522
148860
149873
148865
148971
148538
149112
148363
148913
148529
148659
148506
148780
148404
148708
148543
148577
148517
148709
148568
148402
148431
148442
148401
148638
148599
148389
148628
148564
148505
148525
148444
148440
148514
148526
148449
148939
148467
148449
149133
148920
148662
149548
148789
148517
150438
148389
148526
149380
148738
148830
149314
149389
154080
148459
150054
149130
148440
148691
148535
148538
148425
148695
148433
148454
148540
148441
148595
148529
148331
148591
157323
149323
148494
148569
148631
148440
148505
148494
148444
148751
148466
148635
148651
148629
148538
148752
149253
149184
148348
148569
148509
148540
148405
149213
148423
148424
150237
148427
149433
148503
148944
148573
148475
148484
148366
148735
148824
148519
148846
149314
148760
148387
150112
148551
149181
148650
149182
148505
148397
154468
148767
161694
149512
148579
148576
148389
148475
148565
150389
148361
148560
148764
148559
148558
148665
153411
148621
148429
148511
148584
148731
148481
148405
150297
148745
148397
152139
148514
157464
148552
149565
148407
148444
150411
148580
148571
149429
148400
148783
148531
148399
148326
148514
148499
148855
148491
148366
148547
159438
150682
160058
155536
150677
151114
150296
158481
149902
150580
151792
149927
150828
149949
149909
150016
149460
148611
148626
152735
148560
151698
149705
148491
148838
148465
149329
148838
148439
148582
148399
148329
148405
148468
148561
149003
148397
153229
148710
148471
148400
148693
148921
148479
148420
148673
148355
148618
148472
148619
148582
148507
148540
148527
148419
148552
148916
148608
148617
148515
148527
149194
148503
149089
148660
148445
148439
148459
148588
148378
148409
149147
148438
148396
148413
156082
148568
148811
148965
155664
148502
148519
148571
148422
148387
148376
148555
148617
148482
148402
148430
148438
148658
148537
150734
155124
148564
148556
148511
148362
148514
148459
152211
148542
148541
148502
148560
149047
150882
157702
148453
148500
153800
148560
148429
148474
148529
148682
148535
148368
149516
148829
148876
148905
148502
148325
148535
148704
148955
148667
149451
148445
148361
148971
148531
148611
148566
148738
149188
148888
148535
148466
148582
149196
149607
149327
155754
154194
148396
148475
148506
148631
148562
148602
148458
147522
148600
149183
150642
148503
150324
148649
155162
148388
150411
180340
163270
164081
170462
162500
153554
156374
158847
155945
155550
150647
161890
152720
161843
166826
149644
148893
148470
149055
148482
170873
148491
148437
148868
148667
151153
148759
148870
148574
148571
148471
148434
148421
154704
159711
148604
148547
149467
148588
148459
153818
148613
148321
148650
150547
149024
148911
149078
148660
148454
148434
148997
148363
148851
148480
148479
148532
148571
158266
148549
148815
148520
150020
148512
148504
148528
148796
148580
148728
148510
148446
148512
148605
148398
148340
148522
148413
148486
148722
148425
148463
148912
148536
150408
149710
157000
154871
150427
148575
149443
149484
149219
148744
148530
148412
148531
148441
148565
148411
148894
149620
162497
150214
159548
150368
149914
149395
148955
148614
148478
148572
148648
162105
149154
149554
148760
148446
148543
153106
148532
148347
150439
148447
151046
155355
150067
150308
148435
148649
148494
148586
148439
148535
148538
148504
148393
156877
148405
148742
148596
148423
148474
148581
148461
150694
157362
150507
165661
149587
151753
148596
148364
148606
148617
148483
148531
149106
148421
150018
148762
148635
148526
148518
148515
162845
148502
148509
148668
149411
148526
149087
148666
148914
150275
148646
148860
150411
148482
148389
148622
148629
148556
149693
148564
150955
148606
149463
148530
148683
148413
148540
153333
148403
148899
148514
148509
148478
148461
148421
148556
149956
148413
148397
148689
148545
149994
149412
149068
148618
148393
148678
148557
149176
148954
148654
148485
148510
148755
148611
148660
148383
148416
148491
148443
164864
161319
154796
149347
149275
148495
148612
148379
148485
157508
148459
148487
148410
148485
148370
148446
149413
148646
148540
148820
152101
149128
148472
148531
148364
148495
148365
148525
148510
149162
148592
148503
148604
169019
148472
148605
149523
148961
148559
148516
155361
148701
148696
148696
148379
148629
148361
148416
148738
148376
148551
148901
152247
151944
153995
148653
148755
148493
148493
148406
149746
148639
148667
148955
148470
148560
148549
148463
159479
148515
148543
148669
156596
149672
148675
148534
148490
148378
148465
148309
148579
148475
149356
148505
148529
148952
148647
150359
148428
149219
148563
149365
148467
148671
148962
148416
149481
148557
148790
148925
149693
149076
148928
148358
148603
154119
151567
149098
148507
148498
149524
148459
148580
148494
148543
148670
148335
148454
148641
148572
148431
148627
148482
148643
148846
149007
157975
148554
148546
148583
148605
148699
148472
148882
150001
149083
148499
149188
148558
148707
156285
149349
148950
148467
148812
148376
148517
148526
148575
148389
148750
148367
148677
148567
148518
149020
149100
148598
149658
148721
154013
149064
148517
148372
148511
148414
148405
149102
148508
149383
148376
148671
148838
148686
148531
148502
148528
149623
148431
148688
148611
148576
148542
148500
148375
148769
148591
149335
152137
148492
148395
148438
148485
164849
150433
150593
151273
150059
150694
150068
150748
150552
150302
148562
148514
148597
148579
148535
148356
152615
150473
150683
154814
150146
150711
150043
149936
149747
149559
149676
149982
150140
150231
154866
150466
150369
149870
151595
151099
150925
150658
150514
149395
150540
150325
150097
148448
149097
148616
152774
148892
151313
148458
148766
148552
153618
148413
148642
149370
148418
148480
148462
155481
148504
148477
152450
149522
148577
150994
148477
149505
148660
148460
157603
148766
148369
148328
148526
151092
150790
148531
148494
153233
149166
148415
148472
148938
148346
149859
149477
148961
153745
148786
148565
148593
151582
150407
150419
154703
149810
150747
150372
149789
150085
149772
148917
148587
151753
149760
156925
148451
148833
148670
148419
148586
148483
148462
148770
148507
148484
148465
148553
149180
148589
148548
148625
148534
148543
148429
148449
148545
149805
148580
148422
149515
152061
148832
148441
149027
148391
149180
148560
148693
152990
155402
148485
148437
148459
148479
148627
148498
148579
148546
149124
150221
152562
148461
148458
148297
148423
148419
148550
160693
160039
149673
151278
151955
150145
149682
149615
152447
149937
149540
153735
150092
149922
150817
150532
156392
159129
150083
150357
151418
150657
149799
150703
150090
149727
151029
149797
150111
149627
150353
151226
150972
150530
162293
153382
149883
150141
150431
149989
150554
151059
150594
150007
152023
150286
149801
149006
151150
150462
150412
150939
150235
150777
149569
150286
149887
149904
150138
150127
150137
151435
151056
151008
151458
152359
151910
155872
150791
150083
150703
149731
149972
148986
149833
150323
150066
150075
151030
150589
150600
150486
156921
150067
151062
150785
150518
150315
150132
150452
150723
150047
149312
162778
150198
150584
150735
151132
150806
151334
149854
149836
150257
150558
151263
150149
150349
149727
149848
149889
149769
149939
150703
150293
151128
150271
150713
150379
157892
153105
152364
159801
150834
150637
151279
150649
150939
148586
150215
149489
149918
150815
150013
150803
150975
149948
151969
151439
150639
150170
150746
150281
150919
150040
153648
149706
149351
149178
155668
151282
151005
151058
150547
151997
149656
150205
150456
150439
151675
151042
152038
148742
150430
149464
149328
152503
150395
151159
149965
149447
148538
149203
152976
159145
151088
150574
149907
151657
150482
153593
150183
150695
150737
150719
149722
149025
150341
149237
148962
160476
158377
150921
150469
150050
151584
149923
150053
149471
150077
150318
151241
151167
150597
149517
150432
150115
149919
150343
154193
148494
150417
150620
150595
150692
149969
150950
150857
150621
150266
150873
151480
149902
150249
149027
150521
159255
149708
148487
148499
148474
157612
158021
152391
151024
150667
149898
151851
153313
150475
150133
153230
150632
151066
149858
149117
148591
149811
150075
149533
149465
150178
150931
150712
150189
151366
150298
150983
151014
152105
152588
156281
152065
150280
150754
150481
150797
150473
152230
150036
149853
149773
149777
148319
149525
148427
148549
148591
149196
148370
148412
148701
151038
148543
148523
148654
148375
148476
148450
148465
148571
148541
148484
148982
148424
148712
149011
148464
148796
148508
148495
148432
162169
158283
150255
150372
151016
150383
150594
150553
150680
150001
151411
152287
150003
150152
149776
149712
149974
149666
148517
155878
152946
149996
150311
151190
150896
151434
149809
149954
151614
158275
151044
151187
149905
151150
149838
149682
149743
150225
150246
150433
151495
150300
150972
150131
149998
151440
150310
150455
148619
150527
150471
149713
150374
150778
150273
151059
149966
150314
151211
150476
149904
151007
149864
149600
150965
148782
148563
148455
149387
152218
150299
150377
150528
151047
150274
150503
149970
150922
150975
150011
151139
165239
150430
151398
150328
150128
151134
149911
149853
151751
149748
151608
150433
150192
150331
151105
151408
151181
150525
149791
151289
150680
149653
150225
149874
150049
148710
150336
150388
149831
151244
151029
150787
151200
150997
150997
156461
152535
152617
151823
151061
150558
151732
149944
150491
149396
148651
148712
148424
148512
148596
148589
148429
156032
149029
148734
148438
148878
148720
148743
148546
148469
149133
148477
148481
148561
148526
148621
148590
149327
148687
152085
148675
149076
148342
148417
148522
149961
148430
148614
148458
148433
148522
149933
148508
148566
148458
148664
148868
149222
148364
148586
148629
148571
148484
148373
148446
148713
148931
148423
148729
148383
150494
148499
148407
148605
157629
148527
148703
148674
148408
148334
148476
148573
148571
148356
171538
150419
150140
151009
149554
149010
148365
148954
154900
148475
148445
148743
148444
148937
148429
148485
148507
148525
150869
148435
148461
148484
151236
148390
159523
158853
148079
149022
148516
148400
148533
148627
148627
148498
148556
148699
153149
148789
148488
148533
148825
149205
149196
148678
148873
148518
148594
148593
148618
148508
148382
148490
148615
148607
148905
148920
151787
148676
148501
148475
148465
148523
148442
149560
148435
148824
149431
148446
149520
148627
148433
150179
148494
148582
148624
148439
148495
149246
154567
148599
149468
148424
148587
151124
148499
148333
148696
148507
148508
148617
148606
148398
148769
149191
148403
148699
148505
148545
148516
148557
148444
148550
148397
148518
148489
148277
148476
148496
148327
148737
149027
148464
148865
148707
148242
161880
150949
150184
149139
149848
151291
149778
148458
148822
148487
148464
148485
148541
148533
148616
148845
155042
148623
148413
148556
148555
148414
148501
149315
148421
148395
148412
148685
148443
148460
151167
148556
148974
148766
148385
148465
148398
148736
148629
148371
150702
148795
149417
148646
148552
148520
148500
153313
148463
148383
164283
148427
149609
148490
148280
148460
148608
148558
148455
148536
148614
149055
148683
148493
149655
152342
148541
148862
148465
156864
148466
148778
148493
148397
148653
148546
149185
148487
149490
148500
148386
149769
149852
148971
148782
152667
152560
148422
149223
148441
148702
148370
148566
150164
148502
149007
148664
148433
148453
151474
150591
148431
148872
148703
149826
148539
148439
148438
154204
148520
149869
148534
148577
151288
148549
148516
148356
148552
148408
148463
154917
150271
148447
148521
148745
148595
148558
148517
149460
148682
148250
148457
152375
148512
149490
148498
148526
153838
148553
148656
156617
148501
148545
148553
148658
148359
148972
148630
148492
148325
149192
148566
149022
148542
158382
155580
156466
151080
160201
155828
150737
157960
149923
150496
151263
150263
151385
147921
149807
150272
148714
148558
150943
148611
148646
148558
148524
149008
148627
148480
148341
158415
148626
148462
148773
148881
148582
148604
148515
148376
148671
149265
148406
148538
148459
148539
148420
148396
151218
148454
148794
148576
148454
149093
148555
148438
148611
148817
148495
148466
148463
148745
162276
148554
148542
148767
149285
148760
148553
149079
148541
148872
148429
148461
148584
148670
148402
149554
149783
148450
148903
148672
148465
148469
148719
148442
148886
148431
148401
148530
148526
148390
152365
148862
158270
148624
148439
148512
148443
152564
148460
148432
148704
148731
148795
148395
148603
148460
148499
148449
148905
148502
148997
148709
148788
148631
148416
148646
148454
149900
148544
160733
148632
148529
150036
148525
148560
156273
148613
157517
148444
148646
148663
148584
159241
159172
151351
150663
148593
148761
148463
148509
148494
149168
148469
148473
157049
148602
151938
148434
148411
148485
148526
148441
148014
148426
148394
149115
148474
148592
148509
148323
148795
148803
151049
148774
148641
148439
148467
148431
148425
148796
148416
148545
149221
148522
148420
149667
148675
150233
150860
148635
157248
148425
148542
149395
148434
148454
148340
148398
148443
148385
148348
148510
148811
148433
148545
156950
148471
148452
148703
148394
149644
148404
148450
148357
148352
148498
148309
148499
149726
148642
148454
148432
148529
151740
148538
148445
148512
148303
148387
148382
148435
148536
148568
148337
148318
161349
151411
155664
150645
150125
150222
149679
149696
154475
149712
148426
148881
148480
148640
148609
148540
148420
148546
151452
148490
148582
148422
148746
148974
149764
150844
150540
148551
148565
148481
148532
148415
148523
148445
148596
148649
148444
149081
148502
148595
153338
149018
148669
148807
148493
148494
149244
149011
148521
149009
148397
148456
148391
162234
150229
150149
150483
150835
150449
149394
157463
148862
148410
148349
148747
148773
148508
148556
148495
148690
148620
149531
148488
148436
148455
148922
148559
149442
153866
148511
148473
148581
148491
148436
148310
148471
148539
148436
148550
148566
149252
148465
148412
148977
148456
148585
150310
148942
148456
148648
148580
148686
148365
148334
148516
148573
148407
148542
148451
148439
148572
153382
148454
157013
148724
148616
148622
149567
152504
148526
148495
148475
148394
148496
148775
149483
148505
148429
149097
148483
148548
148330
148410
150526
148928
148410
148539
148517
148351
148414
151810
151096
148470
148564
148410
148746
148491
148689
148554
148437
148741
148613
148509
148637
148507
148648
148478
148387
148518
148518
153012
148401
148423
148837
148565
148325
156363
148440
148549
148518
148584
148569
148717
148508
148559
148465
152558
148403
149385
149741
148443
148459
149670
159267
147781
147630
147973
150020
148488
148376
149649
148542
148352
148431
148414
148536
157813
161898
150269
149744
149659
148845
148513
148353
148528
148460
151421
148417
148700
148455
148554
148348
148507
148571
148472
148485
148790
148712
148523
155184
148945
150686
148481
148588
148497
148305
148412
148512
148457
148395
148608
148522
148474
156992
153133
148608
148460
148439
148566
148580
148669
148606
148467
151661
148536
150890
148485
149451
148550
148479
148511
148607
149130
148431
148850
148585
148641
148643
148427
148528
150837
148653
148455
148503
148533
148415
148574
148497
148766
148482
148444
148356
148758
148388
148492
148713
148485
148505
148427
148411
148452
148518
148559
148475
