275793
275795
275891
275926
275973
275974
275992
276012
276015
276017
276018
276021
276026
276027
276031
276050
276059
276062
276065
276069
276077
276078
276082
276090
276093
276095
276095
276101
276104
276112
276118
276122
276122
276123
276124
276129
276131
276134
276136
276141
276148
276151
276154
276156
276176
276177
276196
276229
276240
276244
276262
276270
276303
276339
276374
276381
276381
276385
276429
276535
276537
276572
276579
276715
276720
276842
277037
277052
277115
277180
277214
277225
277282
277290
277349
277355
277512
277512
277584
277607
277611
277617
277643
277661
277733
277761
277773
277800
277825
277829
277840
277849
277874
277896
277907
277917
277926
277943
277953
278003
