978020
978264
978608
979547
980325
980660
988438
989448
990485
990560
990578
990968
991214
991408
991861
991871
991903
991919
992170
993327
993658
994355
995190
995452
995870
996053
1003126
1004177
1004235
1004322
1004338
1004341
1004423
1004476
1004521
1004530
1004535
1004659
1004672
1004797
1005127
1005277
1005412
1005437
1005443
1005447
1005543
1005556
1005568
1005670
1005682
1005724
1005795
1005799
1005842
1005862
1005864
1005883
1005928
1005934
1005946
1005954
1005956
1005969
1005970
1005984
1006036
1006058
1006061
1006068
1006085
1006085
1006089
1006093
1006105
1006115
1006122
1006143
1006148
1006168
1006189
1006189
1006200
1006201
1006206
1006211
1006229
1006299
1006326
1006334
1006348
1006348
1006370
1006401
1006415
1006422
1006456
1006523
1006528
1006785
