239557
239586
239596
239699
239711
239737
239753
239814
239819
239902
239905
239906
239927
239937
239945
239949
239961
239966
239972
239993
240008
240039
240073
240081
240087
240105
240116
240144
240145
240146
240177
240195
240209
240219
240235
240243
240259
240279
240283
240287
240288
240295
240301
240306
240319
240332
240374
240395
240401
240459
240489
240495
240501
240502
240533
240537
240552
240555
240559
240589
240593
240599
240615
240624
240631
240644
240662
240675
240701
240732
240816
240856
240863
240884
240893
240896
240916
240959
241000
241043
241051
241066
241092
241095
241131
241144
241166
241174
241184
241231
241265
241287
241306
241325
241410
241411
241423
241427
241517
241657
