984315
986183
987897
988063
989118
990456
991360
1000148
1001505
1004269
1004745
1005262
1005749
1005872
1007747
1016196
1017631
1017826
1018309
1020036
1022494
1023413
1023918
1024055
1025103
1025122
1025204
1025206
1025219
1025293
1025312
1025314
1025316
1025330
1025410
1025418
1025510
1025510
1025512
1025513
1025518
1025519
1025520
1025521
1025524
1025534
1025537
1025583
1025585
1025600
1025603
1025606
1025607
1025613
1025615
1025628
1025645
1025649
1025652
1025653
1025699
1025700
1025700
1025705
1025708
1025715
1025719
1025720
1025725
1025730
1025733
1025734
1025735
1025737
1025741
1025755
1025800
1025808
1025811
1025819
1025822
1025893
1025900
1025902
1025923
1030350
1042722
1045516
1050856
1056471
1073808
1090837
1104245
1114593
1116487
1125169
1137578
1141074
1151733
1161050
