4028267
4269888
4276208
4278932
4282017
4285604
4289147
4291265
4292125
4292995
4295152
4295238
4295535
4295626
4296169
4296210
4297756
4297871
4298204
4298348
4298371
4298743
4299116
4299338
4300088
4300108
4300134
4300231
4300350
4300367
4300568
4300638
4301032
4301075
4301482
4302132
4302323
4302556
4302597
4302925
4302993
4303283
4303289
4303948
4304003
4304261
4304370
4304669
4304811
4304965
4305131
4305224
4305241
4305462
4305516
4305773
4306216
4306331
4306420
4306441
4306721
4306866
4306870
4306955
4307259
4307338
4307345
4307829
4308209
4308213
4308240
4308484
4308776
4308943
4308959
4309050
4309252
4309285
4309615
4309693
4309780
4309820
4309961
4310054
4310363
4310756
4310989
4310990
4311296
4311945
4313472
4313776
4314190
4314500
4314758
4315607
4316171
4316326
4317463
4320840
