1207135
1207563
1207893
1208097
1208371
1208487
1208524
1208600
1208631
1208709
1208853
1208934
1208952
1209224
1209354
1209430
1209619
1209711
1209841
1209886
1209895
1209999
1210154
1210164
1210167
1210175
1210264
1210391
1210420
1210461
1210579
1210580
1210664
1210755
1210774
1210813
1210893
1210929
1210936
1210948
1210966
1211114
1211136
1211191
1211223
1211235
1211284
1211412
1211415
1211422
1211484
1211590
1211624
1211637
1211711
1211714
1211742
1211802
1211826
1211933
1211944
1212101
1212245
1212294
1212327
1212341
1212354
1212410
1212418
1212424
1212425
1212514
1212607
1212630
1212650
1212738
1212744
1212840
1212885
1212890
1212968
1213097
1213148
1213227
1213336
1213522
1213569
1213662
1213674
1213813
1213814
1213867
1214053
1214220
1214404
1214588
1214606
1214828
1215074
1215387
