7249727
7261169
7261357
7262604
7263508
7263691
7264016
7265085
7265524
7266531
7267398
7267591
7267865
7275723
7280266
7294794
7294852
7295097
7295511
7295654
7296648
7296798
7296907
7297444
7297513
7297830
7297882
7300039
7310951
7362332
7362345
7362697
7363019
7363031
7363346
7363661
7363675
7363697
7364320
7364663
7364671
7364677
7364687
7364999
7365006
7365010
7365017
7365026
7365695
7366022
7366989
7369014
7369028
7369704
7374368
7375039
7382735
7383394
7395829
7395829
7396143
7396171
7396488
7396802
7396808
7396822
7397124
7397125
7397136
7397141
7397149
7397160
7397161
7397171
7397172
7397174
7397467
7397468
7397471
7397492
7397497
7397499
7397503
7397506
7397799
7397803
7397819
7397820
7398154
7398157
7398482
7398494
7398508
7398805
7399198
7399813
7400164
7400838
7406922
7413319
