4883166
4884095
4896150
4900686
4901461
4902573
4903015
4903260
4903315
4904294
4904301
4904328
4904435
4904843
4905169
4905712
4906124
4906278
4906367
4907982
4908589
4908678
4908728
4908966
4909182
4909667
4909731
4909939
4910039
4910980
4911018
4911114
4911242
4911385
4911650
4911657
4911706
4912532
4912989
4913094
4913692
4913697
4913748
4913761
4913796
4913988
4914291
4914674
4914697
4915106
4915164
4915170
4915187
4915433
4915909
4916241
4916437
4916754
4916938
4917198
4917350
4917401
4917680
4917722
4917974
4918054
4918176
4918423
4918509
4918534
4919097
4919812
4919823
4919965
4920611
4921265
4921708
4921729
4922229
4922447
4922740
4922915
4923346
4923875
4924097
4924171
4924280
4924585
4926486
4928183
4931636
4951191
4951510
4953585
4953734
4957711
4958467
4959977
4970661
4971043
