3731864
4271273
4272712
4274638
4277712
4278726
4279206
4280744
4284683
4286612
4286978
4287357
4287704
4288066
4288491
4288528
4288788
4288903
4289043
4289397
4289617
4289837
4289900
4289989
4290499
4290615
4290700
4290869
4290918
4291386
4291413
4291490
4291526
4292007
4292031
4292203
4292512
4292572
4292584
4292715
4292850
4293841
4293961
4294019
4294031
4294280
4294648
4294671
4294679
4295298
4296042
4296219
4296576
4296664
4297162
4297425
4298008
4298057
4298268
4298312
4298383
4298934
4299112
4299281
4299313
4299387
4299514
4299533
4299696
4299750
4300259
4300332
4300489
4300586
4300653
4300689
4300961
4301223
4301523
4301547
4301638
4301668
4301691
4301759
4301805
4301896
4302204
4302245
4302245
4302677
4302839
4303845
4304538
4304734
4305249
4305608
4305721
4306227
4307140
4329391
