757868
759003
760269
760366
760634
761764
762034
762578
762593
763608
763871
763964
764110
764258
764428
767679
768178
768212
768425
772924
773979
774954
775767
775785
776283
776381
776520
776526
776711
776717
776823
776983
777041
777111
777152
777187
777213
777229
777378
777429
777433
777457
777500
777578
777595
777694
777852
777884
777884
777985
778363
778381
778426
778666
778677
778741
779055
779088
779117
779173
779194
779225
779276
779631
779705
780328
780382
780412
780458
780735
780755
780827
780829
780928
780934
780958
781047
781078
781103
781140
781416
781447
781666
781669
781752
781767
781770
781812
781856
781866
781884
781922
781991
782060
782098
782206
782209
782265
782303
782473
