1138634
1142465
1146318
1146619
1148984
1150505
1150766
1150874
1151070
1151158
1151403
1151697
1152516
1158146
1158580
1160994
1161796
1163763
1164885
1165059
1165094
1165228
1165431
1165454
1165562
1165624
1165684
1165761
1165871
1165960
1165994
1166020
1166066
1166098
1166101
1166112
1166171
1166187
1166212
1166237
1166246
1166281
1166289
1166298
1166307
1166318
1166360
1166374
1166380
1166383
1166402
1166440
1166445
1166485
1166512
1166561
1166590
1166672
1166768
1166818
1166839
1167597
1169344
1169456
1169461
1169490
1169532
1169552
1169608
1169662
1169683
1169691
1169731
1169753
1169811
1169813
1169824
1169830
1169923
1169927
1169941
1169951
1169956
1170003
1170027
1170059
1170106
1170138
1170176
1170256
1170259
1170263
1170314
1170327
1170373
1170458
1170485
1170590
1170620
1170656
