763561
763602
763707
763834
763882
764706
765706
766623
768875
769501
770143
770222
772737
773241
773959
775225
775306
776646
776755
779409
780109
780761
782698
782908
784695
786289
786502
787955
788131
788368
788399
788470
788485
788489
788505
788506
788527
788539
788578
788582
788612
788634
788651
788676
788746
788765
788767
788771
788797
788804
788834
788855
788862
788891
788907
788909
788930
788960
788965
788976
788979
788981
788985
788987
788994
789004
789012
789013
789051
789064
789071
789091
789095
789099
789099
789103
789106
789113
789121
789147
789154
789180
789187
789197
789249
789262
789284
789320
789321
789445
789542
789575
789589
789647
789742
789924
789977
790267
790466
790554
