1135547
1135821
1136168
1137990
1139054
1142661
1142676
1145916
1147634
1148075
1148192
1148888
1149136
1150455
1150884
1153757
1153977
1155243
1155401
1155420
1155534
1155593
1155749
1155791
1155801
1155852
1155863
1155871
1155909
1155925
1155931
1155954
1155969
1155984
1156025
1156029
1156093
1156101
1156101
1156112
1156181
1156189
1156241
1156248
1156269
1156284
1156300
1156312
1156366
1156387
1156393
1156431
1156438
1156450
1156516
1156523
1156563
1156581
1156603
1156606
1156681
1156714
1156714
1156856
1157012
1157053
1157992
1158636
1159222
1159979
1160072
1160323
1160603
1161477
1161939
1162820
1162955
1162990
1163020
1163035
1163105
1163159
1163196
1163298
1163298
1163340
1163394
1163403
1163495
1163509
1163532
1163597
1163695
1163719
1163732
1163860
1163880
1163928
1163950
1164134
