1147429
1148061
1148075
1149773
1150076
1152987
1153926
1154981
1155115
1155251
1156016
1157705
1158019
1158159
1158230
1158726
1160537
1160740
1160898
1160982
1161082
1161127
1162083
1162111
1162340
1162376
1162418
1162446
1162467
1162504
1162509
1162558
1162588
1162650
1162677
1162719
1162735
1162735
1162752
1162756
1162840
1162843
1162854
1162930
1162938
1162942
1162948
1162950
1162961
1162967
1163005
1163012
1163018
1163051
1163058
1163124
1163130
1163136
1163210
1163213
1163217
1163222
1163330
1163367
1163403
1163429
1163444
1163450
1163457
1164771
1165000
1166583
1167320
1169342
1170757
1172333
1175067
1175088
1177393
1179389
1184026
1184152
1184320
1185746
1188821
1189196
1189198
1189903
1190100
1190197
1196223
1196604
1196821
1204361
1207274
1210949
1212947
1213808
1218665
1219501
