973969
974662
977974
978549
979277
980362
980952
982990
983874
984037
984207
985500
986811
991696
991909
994331
994409
997328
998311
998753
998806
999381
1000532
1005101
1005250
1005353
1005391
1005467
1005542
1005569
1005613
1005644
1005660
1005671
1005727
1005775
1005809
1005823
1005843
1005896
1005904
1005917
1005923
1005987
1006025
1006041
1006057
1006075
1006080
1006097
1006103
1006156
1006167
1006222
1006241
1006260
1006261
1006283
1006290
1006353
1006362
1006364
1006385
1006420
1006476
1006477
1006526
1006541
1006552
1006642
1006649
1006682
1006737
1006837
1006882
1006913
1006958
1006982
1007190
1015613
1028738
1031371
1040299
1050542
1052387
1054597
1070401
1076557
1078303
1079242
1082093
1084588
1100063
1105958
1116232
1119005
1129674
1130951
1136306
1138490
