288864
288968
288979
289044
289046
289057
289072
289081
289098
289117
289133
289147
289150
289150
289155
289156
289163
289173
289181
289181
289194
289204
289227
289233
289246
289260
289281
289298
289301
289312
289312
289320
289327
289392
289479
289604
289758
289760
289769
289802
289894
289910
289943
289980
290127
290219
290255
290306
290346
290527
290528
290531
290600
290722
290903
290919
290935
291004
291017
291033
291055
291078
291094
291106
291126
291140
291141
291154
291154
291157
291161
291168
291178
291180
291184
291197
291206
291207
291211
291222
291223
291224
291225
291226
291232
291239
291241
291245
291265
291265
291271
291286
291286
291291
291323
291341
291357
291361
291370
291543
