984974
986913
987245
988418
989257
990641
991829
995539
997102
998213
1001647
1002470
1003020
1004766
1005208
1007002
1007336
1009066
1012255
1013002
1015875
1019259
1019558
1021845
1022108
1023287
1023668
1023862
1023891
1023911
1024035
1024235
1024282
1024345
1024381
1024407
1024411
1024525
1024537
1024540
1024561
1024591
1024643
1024646
1024664
1024666
1024699
1024710
1024716
1024779
1024806
1024821
1024823
1024834
1024855
1024865
1024882
1024890
1024907
1024914
1024942
1024949
1024957
1024993
1024998
1025004
1025005
1025032
1025042
1025046
1025055
1025068
1025073
1025094
1025113
1025120
1025128
1025147
1025159
1025168
1025176
1025179
1025188
1025191
1025196
1025216
1025233
1025247
1025257
1025265
1025266
1025307
1025319
1025324
1025331
1025341
1025358
1025435
1025522
1025584
